0.0 64171.88292800976 -23.73906969 -2.0606232 -0.34445745 -2.95533429 -1.16973046 -18.9405634886405 0.0
0.0 50232.901113506276 -23.67299423 -2.24222451 -0.05095927 -0.77726722 -0.67659101 -64171.88292800976 0.0
0.0 41232.468394038406 -23.44314629 -2.06253007 -0.26087885 -0.12811804 -1.55065682 -50232.901113506276 0.0
0.0 36433.01021281673 -23.61935768 -2.19734271 -0.26208366 -0.60978417 -1.36017058 -41232.468394038406 0.0
0.0 34699.191639299526 -23.07696273 -2.09070461 -0.07913257 -4.78272851 -0.54080342 -36433.01021281673 0.0
0.0 32547.567931414695 -23.1741683 -2.05146574 -0.15410794 -1.90217771 -1.90512624 -34699.191639299526 0.0
0.0 30493.3608397286 -23.35518096 -2.10992999 -0.5314152 -3.57283402 -0.8302671 -32547.567931414695 0.0
0.0 26266.984106060536 -23.68097501 -2.36351091 -0.26024076 -2.52388417 -0.54887338 -30493.3608397286 0.0
0.0 25584.39193476483 -23.90192415 -2.37926127 -0.05183299 -2.4415848 -0.70628931 -26266.984106060536 0.0
0.0 21772.843146517356 -2.30194694e+01 -2.24941425e+00 -2.98014546e-03 -1.13718362e+00 -2.38273483e-01 -25584.39193476483 0.0
0.0 20274.00731699429 -23.64757935 -2.34621497 -0.76738337 -2.25036587 -0.67853248 -21772.843146517356 0.0
0.0 19702.9881132233 -22.73605893 -2.05107743 -0.05114956 -3.88601187 -1.52776709 -20274.00731699429 0.0
0.0 19680.756880966044 -23.69774613 -2.18306206 -0.69146018 -1.27793954 -1.62264723 -19702.9881132233 0.0
0.0 19299.24868374315 -23.27715915 -2.25478688 -0.19800474 -3.55796744 -1.39759128 -19680.756880966044 0.0
0.0 17896.154824925132 -22.71961418 -2.16013268 -0.52741764 -2.7513064 -0.05176167 -19299.24868374315 0.0
0.0 17698.243819157255 -22.96795899 -2.08492942 -0.74217349 -0.35140948 -1.35982765 -17896.154824925132 0.0
0.0 16742.501274759707 -23.10466693 -2.08374013 -0.53588622 -1.59488671 -1.40340057 -17698.243819157255 0.0
0.0 15765.52859961017 -23.15867013 -2.29143206 -0.8707429 -4.1112258 -0.34324092 -16742.501274759707 0.0
0.0 15070.365154476707 -23.21573319 -2.33272381 -0.49670367 -4.07286856 -0.44672859 -15765.52859961017 0.0
0.0 14207.354455901623 -2.26612568e+01 -2.08806992e+00 -2.00042500e-02 -3.96445725e-01 -1.42635528e+00 -15070.365154476707 0.0
0.0 14074.727011068924 -23.3176001 -2.27678224 -0.78699181 -0.32285726 -1.61357638 -14207.354455901623 0.0
0.0 13738.667590832638 -22.9806066 -2.10714989 -0.52168559 -4.09477835 -1.19686537 -14074.727011068924 0.0
0.0 12628.874216221076 -22.68926787 -2.07866749 -0.43596748 -0.89937547 -1.15707239 -13738.667590832638 0.0
0.0 11214.386880034206 -23.54566317 -2.22012297 -0.92116855 -3.48429655 -1.7397884 -12628.874216221076 0.0
0.0 11016.825003210122 -23.24217433 -2.36827228 -0.34818857 -1.35487305 -1.01065693 -11214.386880034206 0.0
0.0 10914.525850903037 -22.8184 -2.28561559 -0.78220037 -1.49657197 -0.35899176 -11016.825003210122 0.0
0.0 10744.818342836288 -23.08468526 -2.36549656 -0.0775089 -0.77266171 -1.99255915 -10914.525850903037 0.0
0.0 10679.60845752191 -22.5721115 -2.07728554 -0.82799869 -0.42869596 -0.62663094 -10744.818342836288 0.0
0.0 9856.873548912137 -23.54362298 -2.41820609 -0.5360092 -2.41375741 -1.07831224 -10679.60845752191 0.0
0.0 9743.39977655198 -22.43497007 -2.04215244 -0.04016884 -3.89239459 -1.65611649 -9856.873548912137 0.0
0.0 9683.503788386895 -23.69475459 -2.51639029 -0.14208093 -1.5288645 -1.49077534 -9743.39977655198 0.0
0.0 9529.757735066683 -22.5717857 -2.19007517 -0.57947519 -1.99056345 -0.38944999 -9683.503788386895 0.0
0.0 9247.269446409524 -22.49842952 -2.1101575 -0.53424351 -4.9810457 -0.48613998 -9529.757735066683 0.0
0.0 8861.4570564584 -22.87975945 -2.12683238 -0.78999588 -4.40014926 -1.28417345 -9247.269446409524 0.0
0.0 8543.424012222667 -22.61686306 -2.29488087 -0.06716702 -4.69878581 -0.89292845 -8861.4570564584 0.0
0.0 8432.080094153962 -23.86046434 -2.42233347 -0.44445235 -2.26136487 -0.83529588 -8543.424012222667 0.0
0.0 7987.075518135194 -22.59592497 -2.13006476 -0.39835366 -1.26108962 -1.75505862 -8432.080094153962 0.0
0.0 7637.465685823495 -23.21065637 -2.30928972 -0.57727086 -3.72741018 -1.83999762 -7987.075518135194 0.0
0.0 7569.09704800699 -23.16584051 -2.44891274 -0.77507075 -0.126781 -0.67096515 -7637.465685823495 0.0
0.0 6925.858621123298 -23.02880167 -2.31783135 -0.73231864 -2.26213921 -1.07699935 -7569.09704800699 0.0
0.0 6528.914695144741 -23.22621001 -2.49404335 -0.42622488 -1.94716856 -0.9597172 -6925.858621123298 0.0
0.0 6445.872311993402 -22.82126802 -2.36767549 -0.73535392 -2.67272735 -0.48808208 -6528.914695144741 0.0
0.0 6402.297414432016 -23.25140253 -2.52647216 -0.58555633 -4.76481991 -0.72336553 -6445.872311993402 0.0
0.0 6327.437246144525 -23.70268882 -2.64688764 -0.02721438 -0.15756648 -1.15090154 -6402.297414432016 0.0
0.0 6155.629652815864 -23.12012795 -2.53467918 -0.50663254 -2.37703165 -0.72076087 -6327.437246144525 0.0
0.0 6134.02175461412 -22.42384309 -2.05464642 -0.44170206 -0.08894772 -1.99175022 -6155.629652815864 0.0
0.0 6030.548339880452 -22.41083695 -2.20602536 -0.06701293 -2.22988736 -1.59394863 -6134.02175461412 0.0
0.0 5828.293407490545 -22.96101317 -2.53802559 -0.91270701 -4.95558576 -0.12940267 -6030.548339880452 0.0
0.0 5472.392710149195 -23.99637953 -2.58918147 -0.08135115 -0.19026648 -1.71344206 -5828.293407490545 0.0
0.0 5326.345874831228 -23.63611755 -2.41817812 -0.82047567 -4.10128807 -1.2262374 -5472.392710149195 0.0
0.0 5046.08620884566 -22.92244865 -2.58224237 -0.3372619 -1.06279383 -0.10642706 -5326.345874831228 0.0
0.0 4986.821301693851 -23.21598118 -2.33970849 -0.75899378 -4.63421215 -1.97978156 -5046.08620884566 0.0
0.0 4736.770874902921 -22.94997757 -2.5807416 -0.64874504 -1.51938964 -0.21162386 -4986.821301693851 0.0
0.0 4591.509330264014 -2.28007879e+01 -2.61003500e+00 -8.56177291e-03 -1.03155512e+00 -2.75715204e-02 -4736.770874902921 0.0
0.0 4486.8595109517155 -23.02460768 -2.60717322 -0.52809581 -0.04306013 -0.2425026 -4591.509330264014 0.0
0.0 3874.1036615357452 -22.79996823 -2.30133943 -0.67713532 -3.85072445 -1.53130021 -4486.8595109517155 0.0
0.0 3859.079096982328 -22.36075644 -2.30717389 -0.95805599 -0.36237646 -0.44690876 -3874.1036615357452 0.0
0.0 3726.4044539672286 -22.5291248 -2.52259105 -0.08321681 -4.66241994 -0.49939102 -3859.079096982328 0.0
0.0 3717.7079822664014 -23.70178635 -2.61556711 -0.28648073 -1.97359191 -0.89050216 -3726.4044539672286 0.0
0.0 3692.110486950279 -23.39154815 -2.6171668 -0.5072768 -0.62603283 -1.41287463 -3717.7079822664014 0.0
0.0 3599.7900443774133 -22.19087139 -2.1343562 -0.28365377 -2.75765323 -1.67035202 -3692.110486950279 0.0
0.0 3520.505497833508 -22.385299 -2.1150375 -0.94665883 -4.29565017 -1.59448866 -3599.7900443774133 0.0
0.0 3329.202366302743 -22.15431907 -2.0720713 -0.63713716 -0.75318591 -1.73845746 -3520.505497833508 0.0
0.0 3319.2678472507587 -2.32201554e+01 -2.77949881e+00 -1.61943735e-02 -1.54586185e+00 -8.02744545e-01 -3329.202366302743 0.0
0.0 3303.326674718661 -22.99764079 -2.64518595 -0.91920426 -4.83750499 -0.44448868 -3319.2678472507587 0.0
0.0 3016.822909853726 -23.30449507 -2.47987172 -0.72534061 -3.52993922 -1.91395149 -3303.326674718661 0.0
0.0 2860.7241090837797 -22.25062742 -2.21186934 -0.46548258 -4.82254583 -1.37532319 -3016.822909853726 0.0
0.0 2746.5491415151773 -23.83931638 -2.62240004 -0.27357203 -1.68665179 -1.16974427 -2860.7241090837797 0.0
0.0 2662.1595685594607 -22.13331415 -2.24379593 -0.30864774 -3.37740773 -0.78446174 -2746.5491415151773 0.0
0.0 2621.0161280810376 -22.70730357 -2.63864861 -0.92780835 -3.00039145 -0.11422303 -2662.1595685594607 0.0
0.0 2605.0930077213998 -23.88500711 -2.51960986 -0.72699798 -2.10626088 -0.96668179 -2621.0161280810376 0.0
0.0 2450.6297731327395 -22.14584201 -2.36106152 -0.09231622 -0.8340392 -0.47592773 -2605.0930077213998 0.0
0.0 2308.8599524027236 -22.08288815 -2.18118017 -0.57125015 -3.73420853 -0.9721029 -2450.6297731327395 0.0
0.0 2292.896522476479 -22.00361265 -2.0173146 -0.44844725 -3.96743247 -1.98513145 -2308.8599524027236 0.0
0.0 2271.3697832615585 -23.80917289 -2.74378211 -0.97494974 -1.51761123 -0.11244655 -2292.896522476479 0.0
0.0 2259.17854860459 -22.71880855 -2.73972687 -0.1316506 -1.72167149 -0.03840871 -2271.3697832615585 0.0
0.0 2194.8617070178143 -23.93326841 -2.72453489 -0.06349438 -4.47708487 -1.81172535 -2259.17854860459 0.0
0.0 2071.9713542027916 -22.323982 -2.43396677 -0.93323952 -3.88869304 -0.81957046 -2194.8617070178143 0.0
0.0 2030.5955584588437 -22.07762912 -2.30709699 -0.70110309 -3.13955926 -0.46080021 -2071.9713542027916 0.0
0.0 2023.3919475277148 -23.9596965 -2.62422963 -0.77212074 -1.11451116 -0.56036287 -2030.5955584588437 0.0
0.0 1990.1558748428374 -22.98020093 -2.69174519 -0.50630941 -0.23709676 -1.21951888 -2023.3919475277148 0.0
0.0 1916.2291439585501 -22.4079922 -2.48575357 -0.55734381 -0.28897555 -1.73979858 -1990.1558748428374 0.0
0.0 1912.4199507735257 -2.22444186e+01 -2.48822360e+00 -1.92540152e-02 -3.33824258e+00 -1.85714481e+00 -1916.2291439585501 0.0
0.0 1904.6906868443311 -22.28151184 -2.40621381 -0.67410413 -0.75549001 -1.09733451 -1912.4199507735257 0.0
0.0 1789.080900132238 -22.79212997 -2.37454507 -0.95178256 -2.88595705 -1.93607533 -1904.6906868443311 0.0
0.0 1723.8831371812023 -23.52722718 -2.7311183 -0.44281614 -0.63612765 -0.88118482 -1789.080900132238 0.0
0.0 1679.869052432513 -23.19107449 -2.57699727 -0.76130088 -2.56604161 -1.87729435 -1723.8831371812023 0.0
0.0 1597.9508030593556 -23.86988192 -2.61621666 -0.65590211 -0.77131781 -0.9766605 -1679.869052432513 0.0
0.0 1597.0570887716583 -22.25218944 -2.36813386 -0.96122413 -4.22320486 -1.23233712 -1597.9508030593556 0.0
0.0 1570.046654742156 -22.08779463 -2.51222376 -0.21846658 -3.73399212 -0.08431541 -1597.0570887716583 0.0
0.0 1535.2774021488783 -22.27137008 -2.52572875 -0.65107353 -0.62592995 -0.77194416 -1570.046654742156 0.0
0.0 1489.1120923761737 -23.49793341 -2.85445138 -0.08967831 -4.36354693 -1.55989615 -1535.2774021488783 0.0
0.0 1469.6556736126247 -22.51500238 -2.78536795 -0.1187248 -1.56724327 -0.03894889 -1489.1120923761737 0.0
0.0 1466.7330798057753 -22.70776676 -2.76958904 -0.18057848 -4.53356563 -0.60344954 -1469.6556736126247 0.0
0.0 1314.291834564766 -22.61531608 -2.62622839 -0.3498599 -4.63604813 -1.70303039 -1466.7330798057753 0.0
0.0 1285.1501847902612 -22.11746622 -2.43545285 -0.4832477 -1.71380792 -0.90992243 -1314.291834564766 0.0
0.0 1274.65435968738 -22.1535316 -2.63580303 -0.82872396 -3.77685447 -0.07614679 -1285.1501847902612 0.0
0.0 1240.8065741233675 -22.02275858 -2.54477683 -0.11611867 -4.60939612 -0.13129408 -1274.65435968738 0.0
0.0 1225.830220916211 -22.70435486 -2.77208384 -0.50127444 -2.50900945 -0.5064222 -1240.8065741233675 0.0
0.0 1221.550158311515 -22.25370461 -2.65771792 -0.90545912 -4.97591323 -0.42475421 -1225.830220916211 0.0
0.0 1186.6710259721337 -22.0699442 -2.54120494 -0.04461831 -3.36499238 -1.22462298 -1221.550158311515 0.0
0.0 1148.9728826757453 -22.24026572 -2.68707669 -0.90825052 -0.11543196 -0.21544053 -1186.6710259721337 0.0
0.0 1148.8127832515831 -22.09025453 -2.51564113 -0.43225864 -4.80938187 -0.58090324 -1148.9728826757453 0.0
0.0 1141.6730369293948 -23.79711137 -2.80365605 -0.37193152 -1.81632089 -0.36664404 -1148.8127832515831 0.0
0.0 1119.4260949438676 -23.08444047 -2.86071743 -0.43995374 -0.32896778 -1.54900549 -1141.6730369293948 0.0
0.0 1101.085017548041 -22.76606706 -2.84612528 -0.10749456 -3.88216698 -1.35538339 -1119.4260949438676 0.0
0.0 1073.434710517003 -23.19275026 -2.689238 -0.84575756 -2.79490539 -1.48045437 -1101.085017548041 0.0
0.0 1030.7804473236547 -22.58986761 -2.74859559 -0.32475426 -3.78468267 -0.71890648 -1073.434710517003 0.0
0.0 1027.2315742778594 -23.80747035 -2.83244646 -0.09976354 -2.23672183 -1.08428042 -1030.7804473236547 0.0
0.0 1025.916050224474 -23.36027123 -2.89116872 -0.16031638 -2.56864311 -1.84546748 -1027.2315742778594 0.0
0.0 1000.0 -23.83789541 -3.98821601 -0.92953433 -3.32022167 -0.29966068 -1025.916050224474 0.0
0.0 1000.0 -23.7814874 -3.29229285 -0.10041885 -0.67296827 -1.85072347 nan 0.0
0.0 1000.0 -23.7096231 -3.81096854 -0.57572053 -1.97651613 -0.78806198 nan 0.0
0.0 1000.0 -23.87527616 -3.96980117 -0.42817108 -0.72061831 -0.42183019 nan 0.0
0.0 1000.0 -23.34130507 -3.69174447 -0.79689121 -1.67770175 -0.59486874 nan 0.0
0.0 1000.0 -23.79225709 -3.41842672 -0.9098779 -4.62764745 -1.14948319 nan 0.0
0.0 1000.0 -23.88904759 -3.50371173 -0.60098985 -3.61794851 -0.37475348 nan 0.0
0.0 1000.0 -23.53858293 -3.60684871 -0.5243287 -4.99706654 -0.69622856 nan 0.0
0.0 1000.0 -23.27112516 -3.762098 -0.3419825 -0.41548219 -1.89422984 nan 0.0
0.0 1000.0 -23.62435083 -3.88921834 -0.48252109 -2.0510112 -1.46689868 nan 0.0
0.0 1000.0 -23.9575608 -3.48617776 -0.33309153 -0.88488018 -1.54132817 nan 0.0
0.0 1000.0 -23.74298275 -3.37217076 -0.30948242 -4.99740166 -0.89098959 nan 0.0
0.0 1000.0 -23.92474808 -3.1787665 -0.21764161 -3.9276905 -0.99111446 nan 0.0
0.0 1000.0 -23.66031048 -3.36646002 -0.93761557 -1.51018351 -1.47953235 nan 0.0
0.0 1000.0 -23.91476251 -3.47972871 -0.52480541 -4.05456322 -0.12866247 nan 0.0
0.0 1000.0 -23.20821294 -3.81021421 -0.92269926 -1.97157079 -1.99961971 nan 0.0
0.0 1000.0 -23.97666104 -3.64572234 -0.32059365 -2.65367514 -0.29935061 nan 0.0
0.0 1000.0 -23.87814315 -3.22845199 -0.79269913 -2.68809018 -1.74198006 nan 0.0
0.0 1000.0 -23.71855029 -3.83160978 -0.74272951 -1.75436692 -0.11161853 nan 0.0
0.0 1000.0 -23.54585262 -3.54652783 -0.46677427 -3.2545622 -1.41612748 nan 0.0
0.0 1000.0 -23.54558032 -3.9581941 -0.888271 -1.78569388 -0.50805898 nan 0.0
0.0 1000.0 -23.75422903 -3.60978189 -0.26609673 -3.77620146 -0.15466304 nan 0.0
0.0 1000.0 -23.15845409 -3.93746705 -0.32885923 -4.2329266 -1.91341314 nan 0.0
0.0 1000.0 -23.41541715 -3.74591655 -0.84402871 -1.12985536 -0.62875644 nan 0.0
0.0 1000.0 -23.94394158 -3.43886222 -0.27184047 -0.54886198 -1.14499945 nan 0.0
0.0 1000.0 -23.27396651 -3.93538079 -0.3620673 -1.14124772 -0.19233565 nan 0.0
0.0 1000.0 -23.82890836 -3.49558448 -0.20993397 -1.70361284 -1.40486544 nan 0.0
0.0 1000.0 -23.96249536 -3.96948734 -0.62436851 -4.79689947 -1.98683867 nan 0.0
0.0 1000.0 -23.77486289 -3.40313856 -0.61022812 -3.66503585 -0.7933695 nan 0.0
0.0 1000.0 -23.42690444 -3.99147286 -0.90787504 -4.57357184 -1.89264275 nan 0.0
0.0 1000.0 -23.60897219 -3.88667367 -0.28046758 -4.30453064 -0.89971491 nan 0.0
0.0 1000.0 -23.91309995 -3.68244312 -0.62473845 -2.61372994 -0.27410368 nan 0.0
0.0 1000.0 -23.73693225 -3.82256634 -0.73812036 -4.99782472 -0.51930048 nan 0.0
0.0 1000.0 -23.81093777 -3.68727037 -0.74273128 -1.90980686 -1.11767194 nan 0.0
0.0 1000.0 -23.55342322 -3.92673804 -0.0244753 -0.12737314 -1.45354874 nan 0.0
0.0 1000.0 -23.96985912 -3.35303428 -0.71281833 -2.05293817 -1.70256167 nan 0.0
0.0 959.8805074221475 -22.05574655 -2.52766787 -0.26035627 -4.89320665 -1.18194661 nan 0.0
0.0 917.3487266652436 -22.02470135 -2.42052363 -0.88089343 -2.15714164 -1.00037258 -959.8805074221475 0.0
0.0 916.5538052659015 -22.08080566 -2.67573844 -0.35275634 -1.4812834 -0.20859768 -917.3487266652436 0.0
0.0 903.3741232612165 -22.06536145 -2.53340265 -0.23306667 -0.61476594 -1.51929432 -916.5538052659015 0.0
0.0 874.6014924005831 -22.2219457 -2.48629989 -0.66833979 -1.50698653 -1.85787898 -903.3741232612165 0.0
0.0 864.1450536759232 -22.82581537 -2.99455202 -0.71983611 -4.33734176 -0.07650279 -874.6014924005831 0.0
0.0 862.5000962206844 -22.20701315 -2.58090422 -0.35560387 -3.47125836 -1.98053837 -864.1450536759232 0.0
0.0 858.6928567422825 -22.90795021 -2.94599712 -0.07922274 -2.93492371 -1.89655513 -862.5000962206844 0.0
0.0 853.9943451437049 -22.4995841 -2.61663618 -0.6441466 -2.47759296 -1.20376736 -858.6928567422825 0.0
0.0 852.9271840659197 -22.58141331 -2.7823064 -0.4902392 -2.6506979 -0.59028233 -853.9943451437049 0.0
0.0 827.2501201655905 -23.54795815 -2.79853626 -0.92824049 -0.34995603 -1.95769112 -852.9271840659197 0.0
0.0 803.4001681243157 -22.24992468 -2.6136354 -0.57383464 -1.12040954 -1.27430328 -827.2501201655905 0.0
0.0 745.6041203041456 -23.95870505 -2.82346168 -0.31852531 -1.52542714 -0.3143324 -803.4001681243157 0.0
8.05e-322 732.4909001979153 -2.28640034e+01 -3.05866615e+00 -5.57579533e-01 -2.46988669e-01 -1.03732860e-02 -745.6041203041456 0.0
3.9271352103e-314 714.7864854918136 -22.32293549 -2.84578727 -0.06631489 -2.96401856 -0.63406289 -732.4909001979153 0.0
8.166969136496e-312 709.4499365118647 -23.75993147 -2.52310986 -0.97812472 -2.26255031 -1.80335753 -714.7864854918136 0.0
1.7790486816438184e-304 692.5444819774168 -22.90608988 -2.96491193 -0.20290044 -2.92827012 -1.15522445 -709.4499365118647 0.0
1.4739272404089974e-292 665.0976171370895 -22.17930138 -2.80576229 -0.0824001 -0.65570257 -0.89346014 -692.5444819774168 0.0
5.340995067841558e-292 664.1275416255509 -22.08243405 -2.66268494 -0.19754203 -4.53441615 -1.79487721 -665.0976171370895 0.0
3.6937233944839706e-283 643.4476626898945 -22.67596145 -2.8697096 -0.20056351 -3.17596961 -1.98287586 -664.1275416255509 0.0
8.890510134999111e-283 643.0994374124334 -23.49318036 -2.76600216 -0.8621365 -1.07698104 -0.98942146 -643.4476626898945 0.0
1.934912212926279e-276 627.9681563054638 -2.31790469e+01 -3.05995909e+00 -3.21477416e-03 -3.03836020e+00 -1.69274390e+00 -643.0994374124334 0.0
3.4244378636898125e-274 622.7937621456407 -22.04205098 -2.59334027 -0.84154525 -0.76423233 -1.07794219 -627.9681563054638 0.0
2.233859634283968e-271 616.3050970425955 -23.89197649 -2.80363974 -0.24181223 -0.63141879 -1.95626884 -622.7937621456407 0.0
5.320493122101242e-249 564.774878428822 -22.43584337 -2.8588768 -0.87297604 -3.69687409 -0.33652066 -616.3050970425955 0.0
1.8138321296996828e-244 554.3341143443132 -22.91226151 -2.87131383 -0.64303725 -4.57962146 -1.26613663 -564.774878428822 0.0
2.2767245732064005e-232 526.4717759771855 -23.02534925 -3.00078025 -0.75935136 -2.25878087 -0.64677552 -554.3341143443132 0.0
3.4310028438916696e-227 514.5447503268949 -23.74888154 -2.93958091 -0.2394758 -1.73720987 -0.29258807 -526.4717759771855 0.0
6.486879473606216e-220 497.78572709640235 -22.21959548 -2.71675919 -0.88969926 -2.95514072 -1.03269036 -514.5447503268949 0.0
1.4929637286507528e-217 492.3473351623115 -22.34521365 -2.74399396 -0.4319109 -4.92395646 -1.43438246 -497.78572709640235 0.0
8.883384307907806e-215 485.9520846059399 -22.25295021 -2.85440017 -0.45957389 -4.75067023 -0.52967226 -492.3473351623115 0.0
2.0950060729678808e-214 485.63601293486107 -22.05867156 -2.78586832 -0.94597305 -4.02408641 -0.59602297 -485.9520846059399 0.0
3.818844575300177e-213 482.21360972922696 -22.44145455 -2.8627838 -0.21678055 -2.67750971 -1.63469878 -485.63601293486107 0.0
9.676442239205308e-201 453.6167374684067 -22.75634364 -2.95989698 -0.79144021 -1.90122566 -0.6963827 -482.21360972922696 0.0
6.528978259764817e-197 444.795996537247 -23.23082219 -3.06870294 -0.05956838 -2.57399844 -1.09518802 -453.6167374684067 0.0
1.4243100493667128e-190 430.1963246353063 -22.69688715 -2.85246662 -0.69574198 -2.7847608 -1.19426447 -444.795996537247 0.0
2.502142793042757e-187 422.72168404593594 -22.28394104 -2.64937221 -0.62795588 -2.57163492 -1.98223547 -430.1963246353063 0.0
3.747925790050276e-180 406.1949742290679 -23.85690423 -2.76959672 -0.73595266 -2.199226 -0.86137164 -422.72168404593594 0.0
3.164987573298297e-179 404.1829531042453 -23.72467606 -2.74863404 -0.9802097 -2.99921021 -1.07348753 -406.1949742290679 0.0
7.151995351019746e-179 403.73051754234353 -22.90691933 -2.98730199 -0.3035048 -3.20355317 -1.6697395 -404.1829531042453 0.0
4.056942881718291e-177 399.2068059369768 -22.8762081 -3.09601009 -0.49083756 -1.01123194 -0.46243416 -403.73051754234353 0.0
5.234890350186235e-172 387.4241896354269 -23.17125115 -2.89627241 -0.58118097 -1.23076951 -1.21022394 -399.2068059369768 0.0
9.785023435261175e-170 382.1948554877345 -22.56675911 -2.94749643 -0.30689397 -2.49497546 -1.05869768 -387.4241896354269 0.0
1.379871892874962e-167 377.2436778882851 -22.61632605 -2.9729411 -0.19597295 -2.08267163 -1.87869009 -382.1948554877345 0.0
2.830379984682762e-157 353.4883644663619 -22.48757109 -2.98912148 -0.20852494 -1.03666455 -0.85721213 -377.2436778882851 0.0
2.632643598589004e-156 351.3674710277229 -22.53969847 -2.99179663 -0.50993177 -0.73607701 -0.56053837 -353.4883644663619 0.0
7.636714588821062e-147 329.4619729839396 -22.06023639 -2.81753323 -0.909571 -1.26652259 -0.95630521 -351.3674710277229 0.0
3.3543476967144444e-146 328.23527069420703 -23.83670453 -2.77460728 -0.62551034 -4.55518719 -1.0080765 -329.4619729839396 0.0
1.789183547922553e-144 324.01198590872406 -22.31319189 -2.80042557 -0.99975785 -4.5659878 -0.95555028 -328.23527069420703 0.0
3.842099035180059e-143 320.97339561315727 -22.71320804 -3.07905995 -0.58719112 -4.08697066 -0.45964023 -324.01198590872406 0.0
2.2424014960902184e-142 319.33625731201863 -23.7291915 -2.93859979 -0.31501118 -0.96122238 -0.55153504 -320.97339561315727 0.0
2.2076710585869726e-141 316.95602710538236 -23.82215747 -2.85009476 -0.8817143 -3.07671499 -0.66764129 -319.33625731201863 0.0
6.274501489105087e-132 295.09571790658 -22.12551744 -2.9922761 -0.17974187 -1.25596347 -0.52070591 -316.95602710538236 0.0
8.09062448117763e-130 290.24009818172175 -22.28181161 -2.8960756 -0.38328555 -0.80890271 -1.07891394 -295.09571790658 0.0
1.698699290790665e-128 287.23224079386006 -22.12654731 -2.93489051 -0.17707116 -0.89233424 -1.59798553 -290.24009818172175 0.0
1.920572697165868e-125 280.1503566439038 -23.5520301 -2.96778432 -0.49918631 -2.02827987 -0.52532493 -287.23224079386006 0.0
3.972878570426759e-125 280.074683570187 -23.97311974 -2.67832833 -0.99522176 -4.34801373 -1.14720191 -280.1503566439038 0.0
8.580993178057987e-123 274.0418321114665 -23.08917025 -2.94850586 -0.53549826 -1.12123603 -1.38690565 -280.074683570187 0.0
5.835252421193519e-121 269.8306258729538 -22.40306986 -2.98435738 -0.94571928 -1.41235787 -0.48298926 -274.0418321114665 0.0
4.189518373835226e-114 254.02515047732606 -23.54360226 -2.78235144 -0.74998845 -1.75985904 -1.4266662 -269.8306258729538 0.0
9.411248812348413e-114 253.79772373161023 -22.60297562 -2.99033435 -0.74469124 -0.53570684 -1.15438233 -254.02515047732606 0.0
6.592066330803371e-113 251.34375712674114 -23.58830698 -2.77194871 -0.98748026 -1.75477842 -1.31077558 -253.79772373161023 0.0
5.092033437116706e-112 249.33931177234365 -22.14519954 -2.81746244 -0.53270941 -2.4306405 -1.50980469 -251.34375712674114 0.0
9.587388594895515e-112 249.20386420494444 -22.1601284 -2.93628577 -0.24565747 -4.01441087 -1.75590282 -249.33931177234365 0.0
1.0059825160774256e-107 239.3137663448894 -23.30836024 -3.06676788 -0.82027704 -3.7249096 -0.28128996 -249.20386420494444 0.0
2.166203682183874e-106 236.28748341079174 -22.76230977 -2.93555066 -0.73568498 -3.69739614 -1.50834927 -239.3137663448894 0.0
6.162319438824891e-106 235.59701773018534 -22.28967249 -2.788231 -0.721052 -1.24025788 -1.9679122 -236.28748341079174 0.0
1.608415257978085e-97 215.80660399043245 -23.29225719 -2.90687435 -0.78213284 -0.8124748 -1.39088863 -235.59701773018534 0.0
1.23011246139378e-96 213.9077000979983 -22.73401141 -3.19682038 -0.03192724 -2.07329297 -1.52105469 -215.80660399043245 0.0
9.695057275022223e-96 211.81610831458067 -22.32377525 -3.09792604 -0.11397707 -1.3793381 -0.69015786 -213.9077000979983 0.0
4.921854475454956e-88 193.9529261016362 -22.16628448 -3.02904218 -0.19990718 -4.09308562 -1.17620426 -211.81610831458067 0.0
1.3120827999558218e-87 193.43622168819664 -22.29171548 -3.08374415 -0.08634245 -4.28812609 -1.7063094 -193.9529261016362 0.0
4.513033429743142e-87 191.92921077414857 -2.21085792e+01 -3.10696546e+00 -1.97821846e-02 -1.86734636e+00 -1.33816853e+00 -193.43622168819664 0.0
6.632442310037552e-79 172.91939646543733 -22.62543531 -3.21314141 -0.55994302 -2.29028502 -0.28290069 -191.92921077414857 0.0
2.296840395501209e-78 172.01239239847783 -22.01266822 -3.10927586 -0.48278712 -3.77124859 -0.37015688 -172.91939646543733 0.0
4.660990565330302e-78 171.3918184730898 -22.93470756 -3.96265155 -0.72317558 -2.74240847 -1.85874339 -172.01239239847783 0.0
1.558832265654456e-76 167.46725956236733 -22.22924488 -3.09304866 -0.18595492 -3.86068188 -0.81923085 -171.3918184730898 0.0
4.766365429595471e-76 166.7108960043456 -22.00960798 -2.90502295 -0.66740482 -1.77544631 -1.3241763 -167.46725956236733 0.0
2.1273400136313198e-75 164.9909236320638 -23.03066914 -3.97724705 -0.46751531 -1.59153999 -1.03757491 -166.7108960043456 0.0
3.6802179802155155e-75 164.9441282999596 -22.41639988 -3.23738899 -0.46841225 -2.73957183 -0.02846648 -164.9909236320638 0.0
3.769145136212543e-75 164.93466211627353 -22.59219456 -3.23665272 -0.69089108 -4.95547137 -0.16433008 -164.9441282999596 0.0
4.962179900644745e-75 164.44538777033674 -2.25285034e+01 -3.18485458e+00 -1.44632945e-02 -3.18921653e-02 -1.75428911e+00 -164.93466211627353 0.0
6.670094305590368e-75 164.28246891694542 -23.61916512 -2.97492631 -0.27390269 -2.7001294 -1.2274607 -164.44538777033674 0.0
1.6738258194742963e-74 162.98495293889633 -22.80902588 -3.17918374 -0.16233035 -1.54038404 -1.91254132 -164.28246891694542 0.0
3.975048576645942e-74 162.27408934341196 -23.08350258 -3.70703051 -0.94237076 -3.84646933 -1.54477699 -162.98495293889633 0.0
6.330991175832066e-74 161.94872127016328 -23.61161278 -3.0169546 -0.9172595 -2.02830153 -0.51138324 -162.27408934341196 0.0
3.069077623476318e-73 159.94962096620839 -22.40794348 -3.16684126 -0.2352734 -4.68489845 -0.52564144 -161.94872127016328 0.0
7.414514889095774e-71 154.33499853797127 -22.21688847 -3.09048792 -0.30643089 -3.33997992 -0.586246 -159.94962096620839 0.0
1.95065862650787e-70 153.83360891011588 -22.89870801 -3.79956831 -0.75087623 -2.86887514 -1.857008 -154.33499853797127 0.0
3.133370343097681e-70 153.37015369222297 -22.73778338 -3.98302245 -0.63269506 -4.75115813 -0.95045018 -153.83360891011588 0.0
4.145410319474955e-70 153.21836991747833 -22.93023064 -3.97862637 -0.41604379 -2.52387699 -0.63689894 -153.37015369222297 0.0
1.117068736028312e-69 151.82460886879608 -23.91637979 -2.94731619 -0.76089193 -3.24004241 -0.39113475 -153.21836991747833 0.0
1.998128838137311e-69 151.60828039809357 -22.44890114 -3.1438905 -0.32726612 -3.38006347 -0.67865346 -151.82460886879608 0.0
6.59615593980595e-69 150.00204762869544 -22.92059684 -3.08036069 -0.78950496 -0.6120064 -1.49743131 -151.60828039809357 0.0
1.7735297210601445e-68 149.19507285108986 -23.30791525 -3.66075313 -0.60824724 -3.46310234 -1.07448572 -150.00204762869544 0.0
3.782212953142633e-68 148.45480266631336 -22.69475105 -3.2475521 -0.04551537 -3.20455062 -1.37917722 -149.19507285108986 0.0
6.153862816772213e-68 148.10926720727875 -23.50107408 -3.44549492 -0.82696346 -2.67001664 -1.87108782 -148.45480266631336 0.0
1.103327445946091e-67 147.3796722177751 -23.78946584 -2.97432173 -0.27781514 -0.3546951 -1.91077082 -148.10926720727875 0.0
2.87112510529618e-67 146.32458658180138 -22.86070016 -3.80049422 -0.99536602 -2.42543354 -1.06786984 -147.3796722177751 0.0
5.263773920902924e-67 145.93150517840616 -22.75613095 -3.04891659 -0.8046671 -1.79960889 -1.24802576 -146.32458658180138 0.0
1.1866412055234213e-66 144.9050734993741 -22.13261269 -3.16121036 -0.0455242 -2.16379161 -1.55679868 -145.93150517840616 0.0
3.0642874531572593e-66 143.98019891819442 -23.15168596 -2.83574299 -0.96931048 -4.54724836 -1.66363951 -144.9050734993741 0.0
1.3055721228266144e-65 142.37595787671643 -23.5767241 -2.97140659 -0.41083472 -4.81719728 -0.93727987 -143.98019891819442 0.0
2.787190305111616e-65 141.92215266695214 -23.51789042 -3.00331723 -0.9257661 -1.95636515 -0.66417081 -142.37595787671643 0.0
3.709635243182697e-65 141.7523273148428 -23.54215219 -3.34002312 -0.98761265 -2.66821879 -1.36110886 -141.92215266695214 0.0
5.881753352272747e-65 141.09215752446215 -22.25505177 -3.16563065 -0.72892796 -2.87960712 -0.16866978 -141.7523273148428 0.0
2.645376849516302e-64 139.32587285117057 -23.0725429 -3.60347551 -0.81447731 -3.8051521 -1.89302567 -141.09215752446215 0.0
4.920256539152847e-64 139.1547416263534 -22.91485461 -3.98346367 -0.55415521 -2.94581601 -0.06699551 -139.32587285117057 0.0
5.545947352529039e-64 139.07283921776437 -23.67535732 -3.31954701 -0.94103905 -1.50026754 -0.91934577 -139.1547416263534 0.0
1.0650635277261915e-63 138.07788099973357 -22.67401583 -3.93859403 -0.93321955 -0.61621854 -0.89067627 -139.07283921776437 0.0
3.6143140655824293e-63 136.7785537812417 -22.63101401 -2.92850832 -0.85785035 -4.64678556 -1.78532677 -138.07788099973357 0.0
7.595716126802559e-63 136.2565552596303 -22.84087402 -3.05062079 -0.48122898 -3.56600588 -1.75319597 -136.7785537812417 0.0
2.092826028980916e-62 135.03053914195746 -22.29409379 -3.91909665 -0.87100993 -3.21530641 -1.3541724 -136.2565552596303 0.0
3.8626801393941895e-62 134.6963144493248 -22.36009378 -3.12018471 -0.65025403 -0.19265429 -0.74206817 -135.03053914195746 0.0
8.092609635401224e-62 133.73723005601155 -23.44566919 -2.78851976 -0.80825888 -4.67222504 -1.84177637 -134.6963144493248 0.0
1.2565203446588077e-61 133.59198702488555 -22.3376934 -2.92247598 -0.94594106 -4.16290258 -1.44768404 -133.73723005601155 0.0
1.707287757511314e-61 133.1576527478824 -23.17172229 -3.62226241 -0.88603761 -2.81137316 -0.84838284 -133.59198702488555 0.0
1.3391720922814672e-59 128.29970358359736 -23.84605357 -3.02625724 -0.23732091 -1.60686405 -0.30326372 -133.1576527478824 0.0
3.052920747418591e-59 128.03227346161503 -23.66534937 -2.81639909 -0.89984055 -4.1500808 -1.36346454 -128.29970358359736 0.0
3.8359523514164053e-59 127.82769933872254 -23.43999647 -2.8915932 -0.62296435 -2.51799664 -1.44397913 -128.03227346161503 0.0
5.188684069209909e-59 127.44593674870609 -23.17584629 -3.74271731 -0.95602759 -4.74179238 -0.16475392 -127.82769933872254 0.0
5.362191146075377e-58 124.64507643716921 -22.78300034 -3.78460832 -0.82683118 -2.0878945 -0.91923907 -127.44593674870609 0.0
2.3892245541320457e-57 123.32457197875607 -23.10097721 -3.84369403 -0.19558527 -0.35454251 -0.88793586 -124.64507643716921 0.0
1.71344511174478e-56 121.22990843718199 -22.19655188 -3.95273524 -0.97926182 -4.22769368 -0.89531437 -123.32457197875607 0.0
1.7001053397042525e-55 118.90867303619729 -22.72240927 -3.88328256 -0.5080018 -4.50746047 -0.63347049 -121.22990843718199 0.0
3.436455406435514e-55 118.70280179932159 -22.52858817 -3.80184587 -0.95169738 -4.56516918 -1.09253265 -118.90867303619729 0.0
4.4910269060764816e-55 118.38066227221512 -22.23329945 -3.72987889 -0.90723178 -4.72292166 -1.92752683 -118.70280179932159 0.0
5.3800861187552985e-55 118.30902249339596 -22.24035506 -3.94083727 -0.75380811 -3.90382392 -0.87668828 -118.38066227221512 0.0
7.345146810986853e-55 117.8102772671392 -23.49564373 -3.07326418 -0.18870605 -3.26051414 -1.06967831 -118.30902249339596 0.0
1.0939858134629108e-54 117.47132537431435 -22.56993668 -3.78064646 -0.62886951 -2.67481818 -1.72922825 -117.8102772671392 0.0
1.521296830635601e-54 117.14133717770372 -23.41546575 -3.06069648 -0.42733908 -1.06277054 -0.63361584 -117.47132537431435 0.0
2.7799969518036366e-54 116.37414163755541 -22.26448507 -3.21242784 -0.09452542 -0.33648125 -0.9052741 -117.14133717770372 0.0
4.3661246851157077e-54 116.10489590644548 -23.51640763 -3.47611082 -0.71009873 -0.79618467 -0.37824494 -116.37414163755541 0.0
5.558231476805075e-54 115.87811084082452 -22.94644205 -3.85638661 -0.26387001 -0.73900278 -0.53348156 -116.10489590644548 0.0
7.521061942630955e-54 115.51246617930528 -22.00870069 -3.79237003 -0.71692808 -4.06138643 -1.77672844 -115.87811084082452 0.0
1.0016760640962951e-53 115.27754760034892 -22.62851195 -3.62217214 -0.96484699 -2.97985624 -1.87711938 -115.51246617930528 0.0
2.238977606012758e-53 114.1727896759059 -22.2462701 -3.87065698 -0.71630186 -4.44037376 -1.12873138 -115.27754760034892 0.0
3.5559779350143253e-53 114.05693380976119 -23.70708409 -3.26580196 -0.70215154 -3.49350877 -1.15046493 -114.1727896759059 0.0
3.872801681495802e-53 113.99181560838866 -22.08928045 -3.14090957 -0.32228132 -0.51646216 -0.94151457 -114.05693380976119 0.0
4.784731683657831e-53 113.65347026368342 -22.92651295 -3.58067761 -0.77072113 -1.79819644 -1.80023855 -113.99181560838866 0.0
5.6684856491298285e-53 113.61670151387992 -22.74523869 -3.23263379 -0.15314776 -2.43229223 -1.78653798 -113.65347026368342 0.0
6.235935671769968e-53 113.46043369195912 -23.23380599 -3.77261661 -0.11336713 -1.53786028 -1.64479148 -113.61670151387992 0.0
9.235903522165223e-53 112.89575699196001 -22.0285199 -3.20976904 -0.10799646 -0.89763398 -1.88279676 -113.46043369195912 0.0
1.21317703504942e-52 112.8294135343827 -22.44546494 -3.96590756 -0.2372176 -3.83501741 -1.70306963 -112.89575699196001 0.0
1.270242830740495e-52 112.79503716652273 -22.30169258 -3.8560667 -0.5357604 -1.93625155 -1.50364163 -112.8294135343827 0.0
1.491561295128033e-52 112.51890534715089 -22.98771656 -3.769626 -0.51728094 -0.31879207 -1.54176391 -112.79503716652273 0.0
1.7529585663980236e-52 112.44640198164419 -22.98941441 -3.79362801 -0.25980911 -3.53276564 -1.19021603 -112.51890534715089 0.0
2.104277818063393e-52 112.16412673432978 -23.7300546 -3.10596257 -0.97459606 -1.9266856 -1.91045955 -112.44640198164419 0.0
2.8788322955103735e-52 111.82102543250735 -22.57905853 -3.19615044 -0.36948437 -4.37635749 -0.87042818 -112.16412673432978 0.0
1.0219770344377047e-51 110.19312185652379 -22.23505127 -3.91975598 -0.68205615 -0.49642521 -1.42248635 -111.82102543250735 0.0
2.789878650098551e-51 109.36941369261939 -22.39063906 -3.28421077 -0.79794767 -0.89438516 -0.16137286 -110.19312185652379 0.0
4.2956281950066596e-51 109.16711723341571 -23.65318297 -3.33982368 -0.66430039 -0.63157833 -1.13698102 -109.36941369261939 0.0
4.872346118060128e-51 109.10037401438602 -22.13368512 -3.75515476 -0.77675804 -1.56995854 -1.72287828 -109.16711723341571 0.0
5.345918168841382e-51 108.97634743794296 -22.10650414 -3.89788328 -0.52311155 -2.5153117 -1.06619591 -109.10037401438602 0.0
2.5890714779390737e-50 106.87738119519966 -22.15773695 -3.93743125 -0.26763435 -0.90211442 -1.73270922 -108.97634743794296 0.0
5.06218245851266e-50 106.69200849650677 -22.53147743 -3.83311641 -0.4934158 -2.71274318 -1.06835553 -106.87738119519966 0.0
8.137000579376519e-50 106.02181877834616 -22.70884454 -3.04605277 -0.89687119 -4.18735884 -1.42933888 -106.69200849650677 0.0
1.421497099445689e-49 105.52026826582227 -22.63857074 -3.34124721 -0.65465631 -1.0218894 -0.14583389 -106.02181877834616 0.0
1.879140729442476e-49 105.39717255933581 -22.69627553 -3.76714514 -0.49252985 -2.11219811 -1.28595511 -105.52026826582227 0.0
1.3020215281818033e-48 102.90336024361923 -22.15749196 -2.96205289 -0.95972095 -4.11592878 -1.31915481 -105.39717255933581 0.0
2.9018326990993236e-48 102.55098378809375 -22.0735815 -3.95657673 -0.17978189 -4.03862546 -0.90790111 -102.90336024361923 0.0
6.394625232627947e-48 101.53290850891311 -23.39360137 -3.41722996 -0.6307691 -1.02801174 -1.35632358 -102.55098378809375 0.0
1.0827874921116088e-47 101.2596337635224 -23.66417376 -3.29225282 -0.58989589 -4.94643397 -1.67572074 -101.53290850891311 0.0
1.995300773416217e-47 100.4452258978261 -23.82906901 -2.93478374 -0.57889872 -4.27635113 -0.7339493 -101.2596337635224 0.0
4.4467049860836285e-47 99.64389866703698 -22.12651941 -3.7407824 -0.87676237 -1.01366078 -1.904066 -100.4452258978261 0.0
7.058461762743384e-47 99.37475751696275 -23.34817921 -3.03894059 -0.63546997 -4.21825758 -0.74679764 -99.64389866703698 0.0
8.963936970981424e-47 99.15224727609966 -22.85977171 -3.39198354 -0.02871666 -3.20597913 -0.03562876 -99.37475751696275 0.0
1.1234161762118e-46 98.91675403405821 -22.06860075 -3.99619881 -0.54114906 -1.27123254 -0.19998843 -99.15224727609966 0.0
1.796055324079363e-46 98.28895101826114 -22.94027695 -3.81083369 -0.46234032 -3.55868309 -0.12101282 -98.91675403405821 0.0
2.5394966446524467e-46 98.12572017434739 -22.56386403 -3.14106163 -0.46544316 -4.75055892 -1.32394002 -98.28895101826114 0.0
4.790070841106878e-46 97.20849580942888 -22.52814967 -3.66106665 -0.81314773 -3.29021368 -1.44452705 -98.12572017434739 0.0
1.1341673195258584e-45 96.36382266132725 -23.849567 -2.96612547 -0.22692309 -2.58805803 -1.11720651 -97.20849580942888 0.0
1.655789923828376e-45 96.27253075185203 -22.43508497 -3.28029431 -0.05467004 -1.8942538 -1.83887202 -96.36382266132725 0.0
