0.0 84432.03773322933 -23.73700211 -2.0859742 -0.83146463 -4.99755185 -0.26857979 -4224.6017079530775 0.0
0.0 75289.02528299417 -23.84689996 -2.0583527 -0.69156107 -0.99428484 -0.76110069 -84432.03773322933 0.0
0.0 70603.22548221891 -23.56226787 -2.00865796 -0.73640887 -1.9721099 -0.49732175 -75289.02528299417 0.0
0.0 67815.84329105851 -23.96497344 -2.09334155 -0.90136098 -3.63839356 -0.65697434 -70603.22548221891 0.0
0.0 58843.038143520585 -23.88194887 -2.13589643 -0.1976899 -2.64242418 -1.50048829 -67815.84329105851 0.0
0.0 40306.45443856803 -23.65184933 -2.26504171 -0.20000717 -1.57676536 -0.5700458 -58843.038143520585 0.0
0.0 36539.27048408684 -23.63273385 -2.08280746 -0.90424393 -3.75839109 -1.15461324 -40306.45443856803 0.0
0.0 32877.272218051905 -23.11080111 -2.01284127 -0.6883039 -4.14232375 -0.58717629 -36539.27048408684 0.0
0.0 31785.448557935608 -23.63958012 -2.17418039 -0.85271123 -3.25316942 -0.94944829 -32877.272218051905 0.0
0.0 31721.284571238375 -23.6340365 -2.23551723 -0.67808108 -0.64349066 -0.75240225 -31785.448557935608 0.0
0.0 29527.599354171958 -23.04003883 -2.02065057 -0.42650343 -4.9949993 -0.72921857 -31721.284571238375 0.0
0.0 28300.697286204035 -23.05334584 -2.12290369 -0.07763898 -2.21469377 -0.76244101 -29527.599354171958 0.0
0.0 28105.99520079758 -23.59811507 -2.41241476 -0.79171833 -1.84541956 -0.03799982 -28300.697286204035 0.0
0.0 27687.378536109885 -23.71687082 -2.31954237 -0.84928085 -3.50735074 -0.5204107 -28105.99520079758 0.0
0.0 27264.930649093236 -23.4148469 -2.16065021 -0.43954859 -1.32404767 -0.98945235 -27687.378536109885 0.0
0.0 25922.012132056 -22.89310932 -2.04558115 -0.85885939 -3.66461595 -0.5075245 -27264.930649093236 0.0
0.0 24369.350137490645 -2.28399711e+01 -2.14865464e+00 -8.85487852e-01 -5.23928514e-01 -1.15779043e-02 -25922.012132056 0.0
0.0 24235.09916266577 -23.14468165 -2.19254723 -0.02331104 -2.8603453 -1.59181706 -24369.350137490645 0.0
0.0 22648.17682049525 -22.81389115 -2.13089904 -0.16061421 -2.91408721 -0.31860972 -24235.09916266577 0.0
0.0 22200.64464945023 -23.69864729 -2.45475759 -0.66643899 -1.93232695 -0.14913567 -22648.17682049525 0.0
0.0 21983.617772626847 -22.95743744 -2.04924852 -0.46369564 -0.07698376 -1.88941271 -22200.64464945023 0.0
0.0 21375.249652813556 -23.97064652 -2.20929858 -0.49089162 -4.44552129 -1.12235383 -21983.617772626847 0.0
0.0 20755.601613585444 -23.58941531 -2.47909339 -0.24099177 -0.69693248 -0.17043186 -21375.249652813556 0.0
0.0 20462.31077496311 -23.90807678 -2.34462093 -0.596724 -2.48089607 -0.4261037 -20755.601613585444 0.0
0.0 20303.111881512446 -23.49649544 -2.37282881 -0.73141027 -4.68420727 -0.40739984 -20462.31077496311 0.0
0.0 19122.02433531091 -22.94054688 -2.09766302 -0.56134499 -4.62154832 -0.71490114 -20303.111881512446 0.0
0.0 17510.662863995236 -23.35654484 -2.27733349 -0.56130066 -0.02697693 -0.86161259 -19122.02433531091 0.0
0.0 15445.369670839804 -23.17749372 -2.33016614 -0.52093772 -4.8694499 -0.31281525 -17510.662863995236 0.0
0.0 14802.331869215202 -23.44409349 -2.44476693 -0.05851461 -4.92520395 -1.71369669 -15445.369670839804 0.0
0.0 14238.882181844687 -23.64870748 -2.38547269 -0.37882406 -4.50401423 -0.98963328 -14802.331869215202 0.0
0.0 13867.363217275599 -23.06984478 -2.22785862 -0.24457605 -2.46792496 -1.62115444 -14238.882181844687 0.0
0.0 13482.464444786496 -23.55635252 -2.41503798 -0.21670794 -4.7727575 -1.97135612 -13867.363217275599 0.0
0.0 12367.64819788148 -22.80739686 -2.24215627 -0.06924795 -1.83832941 -1.48926117 -13482.464444786496 0.0
0.0 12268.416030565517 -22.66978991 -2.01142217 -0.89012309 -0.20300326 -1.41723137 -12367.64819788148 0.0
0.0 11821.00868413616 -23.38158807 -2.38096503 -0.93011194 -0.03818734 -1.77942846 -12268.416030565517 0.0
0.0 10525.420964033208 -23.00548102 -2.29144797 -0.56192131 -1.341337 -0.55183556 -11821.00868413616 0.0
0.0 9987.927010811954 -22.58429679 -2.12194402 -0.15788652 -0.55086414 -1.48647341 -10525.420964033208 0.0
0.0 9679.511385895179 -22.47414885 -2.08711342 -0.92929324 -3.60089273 -0.35116265 -9987.927010811954 0.0
0.0 9287.594545273807 -22.5239004 -2.21185669 -0.07826092 -4.87962289 -0.52945063 -9679.511385895179 0.0
0.0 9120.313225128015 -22.6867221 -2.23616875 -0.14745562 -1.7685801 -1.64850576 -9287.594545273807 0.0
0.0 8878.593806535131 -22.66527502 -2.29741488 -0.53334044 -3.13552733 -0.39125959 -9120.313225128015 0.0
0.0 8683.079777258912 -22.77197073 -2.22256642 -0.33625298 -3.76130417 -1.26581778 -8878.593806535131 0.0
0.0 8294.890501598333 -23.93804585 -2.38199722 -0.41007191 -4.66735013 -1.26503596 -8683.079777258912 0.0
0.0 7672.953772224613 -22.37822178 -2.14783555 -0.3247422 -2.58017402 -0.17443712 -8294.890501598333 0.0
0.0 6993.436406878286 -23.46390267 -2.50254093 -0.38602792 -0.76717564 -1.83933412 -7672.953772224613 0.0
0.0 5844.973121486795 -23.56082946 -2.66591997 -0.1256812 -0.5956544 -0.5102957 -6993.436406878286 0.0
0.0 5837.192987491404 -23.06913404 -2.5242843 -0.68716527 -2.28899611 -0.4622926 -5844.973121486795 0.0
0.0 5815.4180971809965 -22.82998787 -2.30231009 -0.51488497 -1.02346136 -1.13695466 -5837.192987491404 0.0
0.0 5746.6591193429795 -22.43999714 -2.27564293 -0.95161518 -3.77999049 -0.29925363 -5815.4180971809965 0.0
0.0 5380.062628785274 -22.13871009 -2.05242192 -0.03905439 -4.74943072 -1.25979853 -5746.6591193429795 0.0
0.0 5153.730096951864 -22.4787447 -2.27060064 -0.85201326 -0.0754262 -0.46101209 -5380.062628785274 0.0
0.0 5047.38998138227 -23.36830821 -2.64728333 -0.14798531 -2.29193779 -1.32718456 -5153.730096951864 0.0
0.0 4892.632912722982 -23.51802921 -2.68884875 -0.09590555 -0.38861569 -0.8523747 -5047.38998138227 0.0
0.0 4807.514012894758 -22.81332542 -2.15616505 -0.91079061 -1.70801137 -1.79238992 -4892.632912722982 0.0
0.0 4791.699402188641 -22.91488617 -2.34472003 -0.62099922 -2.67959394 -1.30849137 -4807.514012894758 0.0
0.0 4520.563893527183 -22.81572737 -2.44576323 -0.28354191 -3.69919995 -0.9807839 -4791.699402188641 0.0
0.0 4356.9475801104645 -22.47469208 -2.28301245 -0.32025234 -1.16342152 -1.69081145 -4520.563893527183 0.0
0.0 4286.307789653955 -22.34122335 -2.12433299 -0.80020323 -0.65054974 -1.51461752 -4356.9475801104645 0.0
0.0 4252.522920894343 -22.50015258 -2.25084245 -0.91359037 -3.87445967 -1.12120426 -4286.307789653955 0.0
0.0 4224.6017079530775 -23.16288931 -2.71880076 -0.02507121 -1.58677617 -0.97717797 -4252.522920894343 0.0
0.0 4187.708534497939 -23.63646156 -2.72459685 -0.36219115 -4.48443158 -0.09136943 -4224.6017079530775 0.0
0.0 4008.051478456412 -2.29591632e+01 -2.71089248e+00 -1.51677181e-01 -4.20825592e+00 -1.84065477e-02 -4187.708534497939 0.0
0.0 3813.9135371155053 -22.82505568 -2.50108175 -0.19472779 -2.99977547 -1.67793347 -4008.051478456412 0.0
0.0 3781.323866186611 -22.52108806 -2.37424857 -0.61545063 -4.90626838 -0.84657553 -3813.9135371155053 0.0
0.0 3758.6534769195787 -22.03732886 -2.05024991 -0.50048653 -2.45228248 -0.44379431 -3781.323866186611 0.0
0.0 3678.731435713152 -22.03198048 -2.15130547 -0.34013583 -1.80898775 -0.07004325 -3758.6534769195787 0.0
0.0 3587.864008524974 -22.32854835 -2.25213446 -0.58511041 -3.93173221 -0.79004525 -3678.731435713152 0.0
0.0 3582.7025358935457 -22.16123635 -2.03575955 -0.49425861 -2.93215853 -1.62249676 -3587.864008524974 0.0
0.0 3511.183640843203 -23.32320382 -2.71591522 -0.76282339 -0.05729248 -0.69447658 -3582.7025358935457 0.0
0.0 3302.3143389924066 -23.36850059 -2.60313643 -0.54449162 -2.79428813 -1.15485118 -3511.183640843203 0.0
0.0 3278.0926504823183 -22.31066762 -2.24926549 -0.55175653 -1.41714967 -0.92853699 -3302.3143389924066 0.0
0.0 3267.624915900059 -22.9117224 -2.57047996 -0.62229846 -0.36170608 -0.68943678 -3278.0926504823183 0.0
0.0 3193.44247755436 -22.73758599 -2.53384649 -0.18617698 -1.82153262 -1.32391704 -3267.624915900059 0.0
0.0 3131.7705062699038 -22.32418816 -2.3381521 -0.20275134 -4.84479736 -1.47689391 -3193.44247755436 0.0
0.0 3073.520528608817 -23.20652066 -2.68720055 -0.48236157 -0.05465347 -1.24853308 -3131.7705062699038 0.0
0.0 3044.9606008239098 -22.43409605 -2.4171217 -0.16334228 -1.41792525 -1.8790685 -3073.520528608817 0.0
0.0 3003.6376568206633 -23.21638531 -2.81666922 -0.52118077 -4.97253304 -0.2372064 -3044.9606008239098 0.0
0.0 2953.8564699669328 -22.47474214 -2.2952653 -0.8574583 -1.02375474 -1.84855486 -3003.6376568206633 0.0
0.0 2930.987543990252 -22.95147607 -2.56498019 -0.42462814 -0.6566067 -1.59558401 -2953.8564699669328 0.0
0.0 2891.04967306535 -22.4269632 -2.25916652 -0.64348053 -4.28184906 -1.71326051 -2930.987543990252 0.0
0.0 2872.1159969496157 -22.11822748 -2.14912203 -0.24052519 -0.08514154 -0.7705886 -2891.04967306535 0.0
0.0 2744.011622631505 -23.71950969 -2.54271164 -0.58967558 -0.83116245 -1.92662432 -2872.1159969496157 0.0
0.0 2649.5254979880483 -22.165427 -2.41281573 -0.04491912 -1.1938082 -0.08566771 -2744.011622631505 0.0
0.0 2630.411360939607 -22.17371525 -2.29173854 -0.68930661 -1.9365225 -0.44077488 -2649.5254979880483 0.0
0.0 2574.3009717250425 -22.93829543 -2.45805569 -0.68945068 -3.80172569 -1.68111748 -2630.411360939607 0.0
0.0 2537.0968165533654 -22.36887215 -2.56492132 -0.40158667 -2.75557056 -0.19019705 -2574.3009717250425 0.0
0.0 2435.4383505230635 -22.55897142 -2.63255605 -0.03093471 -4.1516957 -0.64606983 -2537.0968165533654 0.0
0.0 2396.2481856320474 -22.36205709 -2.25126974 -0.68389744 -3.18191994 -1.83128172 -2435.4383505230635 0.0
0.0 2373.1862724092503 -23.03077095 -2.8456582 -0.05949553 -4.06426499 -0.35256048 -2396.2481856320474 0.0
0.0 2347.3318468069906 -22.45909895 -2.46622443 -0.77644809 -0.11758779 -1.06390422 -2373.1862724092503 0.0
0.0 2279.2143456559484 -23.1050574 -2.79215427 -0.07545242 -1.34120955 -1.87275947 -2347.3318468069906 0.0
0.0 2276.209341649803 -22.60885647 -2.676225 -0.62251784 -1.86161383 -0.03856982 -2279.2143456559484 0.0
0.0 2240.3766145540003 -22.04038982 -2.22404632 -0.33646444 -1.68493182 -0.79684176 -2276.209341649803 0.0
0.0 2138.789491258055 -23.4124091 -2.78894353 -0.21904223 -0.70045206 -0.75410425 -2240.3766145540003 0.0
0.0 2135.809920809777 -22.4989353 -2.54642651 -0.70694576 -0.67156963 -0.64019464 -2138.789491258055 0.0
0.0 2011.9822533953036 -22.59293995 -2.55886526 -0.30778937 -0.34033199 -1.64827289 -2135.809920809777 0.0
0.0 1945.0076285905561 -22.49497646 -2.62811846 -0.0820544 -3.96442655 -1.16781753 -2011.9822533953036 0.0
0.0 1888.3524936536685 -22.32474695 -2.44597259 -0.52105356 -4.02095494 -1.09818823 -1945.0076285905561 0.0
0.0 1877.6625210767857 -23.76656234 -2.68491466 -0.26817106 -4.59893763 -1.40256477 -1888.3524936536685 0.0
0.0 1873.1626395744686 -23.49195811 -2.65582282 -0.47290141 -1.94686773 -1.28812933 -1877.6625210767857 0.0
0.0 1849.4421298201883 -22.29880434 -2.53867368 -0.07555826 -4.03453712 -1.57825147 -1873.1626395744686 0.0
0.0 1818.830416006715 -22.65379433 -2.65384545 -0.52117426 -0.43000218 -0.41527359 -1849.4421298201883 0.0
0.0 1662.5531130128888 -23.67440809 -2.77069813 -0.15631299 -1.34325593 -1.99490522 -1818.830416006715 0.0
0.0 1571.720622635409 -22.84465185 -2.68641047 -0.64002634 -0.05289697 -1.72629098 -1662.5531130128888 0.0
0.0 1549.490594309269 -22.40299318 -2.35916201 -0.76240553 -4.24324684 -1.81636119 -1571.720622635409 0.0
0.0 1545.8010996538112 -23.06176615 -2.88281423 -0.91003712 -3.43019243 -0.3676954 -1549.490594309269 0.0
0.0 1502.9770909456622 -23.75990384 -2.52278381 -0.97640806 -1.51723714 -1.34177972 -1545.8010996538112 0.0
0.0 1481.1735642645376 -22.53482054 -2.56358685 -0.37169835 -1.75592872 -1.62043484 -1502.9770909456622 0.0
0.0 1478.2411199340322 -22.87768542 -2.87729424 -0.72342457 -2.74120113 -0.12862967 -1481.1735642645376 0.0
0.0 1418.844630424705 -22.21999067 -2.40879232 -0.8980391 -3.07943942 -1.12838378 -1478.2411199340322 0.0
0.0 1398.032247748224 -23.77780065 -2.77716119 -0.35181215 -1.43162878 -0.40754474 -1418.844630424705 0.0
0.0 1387.948271530288 -22.76973307 -2.58399224 -0.87674942 -3.24604077 -1.26370006 -1398.032247748224 0.0
0.0 1377.844509538353 -22.77592591 -2.60055242 -0.63887776 -3.62378989 -1.39434704 -1387.948271530288 0.0
0.0 1344.7042171761893 -23.78533465 -2.68534234 -0.59352651 -1.66408044 -0.75002172 -1377.844509538353 0.0
0.0 1291.0981228067983 -22.20383555 -2.59562077 -0.3241736 -4.67760425 -0.60507605 -1344.7042171761893 0.0
0.0 1283.2913165353875 -23.05495069 -2.98301428 -0.52253356 -3.50522079 -0.14245853 -1291.0981228067983 0.0
0.0 1262.8058962291086 -23.71633011 -2.88883993 -0.21841122 -1.54662245 -0.03212266 -1283.2913165353875 0.0
0.0 1251.660336934925 -23.09023314 -2.65631645 -0.7313101 -4.36518905 -1.73319864 -1262.8058962291086 0.0
0.0 1239.0918566357343 -23.86565418 -2.71851666 -0.24792454 -1.79177474 -1.83061114 -1251.660336934925 0.0
0.0 1180.2973755351995 -22.21097077 -2.68812894 -0.0675723 -4.20050123 -0.71473517 -1239.0918566357343 0.0
0.0 1161.7311884730525 -22.26885195 -2.72019892 -0.07712025 -0.87708376 -0.65122005 -1180.2973755351995 0.0
0.0 1150.3970481563724 -2.21089895e+01 -2.62841848e+00 -3.18381017e-03 -4.91108302e+00 -8.67501924e-01 -1161.7311884730525 0.0
0.0 1147.2060698041416 -22.97732345 -2.69947302 -0.59344895 -3.71597904 -1.71667239 -1150.3970481563724 0.0
0.0 1138.9909559785845 -22.17710506 -2.543363 -0.72991925 -2.03014967 -0.756471 -1147.2060698041416 0.0
0.0 1116.720287858623 -22.27478024 -2.45511596 -0.62307341 -3.6546721 -1.75461344 -1138.9909559785845 0.0
0.0 1102.9323484539548 -22.4943539 -2.76438181 -0.10273616 -4.10438334 -0.84404049 -1116.720287858623 0.0
0.0 1078.590573137205 -23.84206753 -2.84794354 -0.15406243 -1.77011804 -0.31128991 -1102.9323484539548 0.0
0.0 1076.1600169359629 -22.94936247 -2.86704689 -0.2808407 -3.43161043 -1.05894961 -1078.590573137205 0.0
0.0 1050.745641955938 -23.96475208 -2.60778873 -0.95737944 -2.21029989 -0.94165103 -1076.1600169359629 0.0
0.0 1000.0 -23.50311485 -3.81597607 -0.97974527 -4.82487035 -0.25792121 -1050.745641955938 0.0
0.0 1000.0 -23.77836718 -3.97081488 -0.78832682 -0.0290932 -0.68106947 nan 0.0
0.0 1000.0 -23.70028691 -3.564256 -0.16540886 -2.16545906 -0.65574457 nan 0.0
0.0 1000.0 -23.69328531 -3.486825 -0.06643692 -3.4770092 -1.44351985 nan 0.0
0.0 1000.0 -23.85519735 -3.93229253 -0.14461979 -3.13385549 -0.34699256 nan 0.0
0.0 1000.0 -23.43381498 -3.71501659 -0.08714483 -1.11517599 -0.40916381 nan 0.0
0.0 1000.0 -23.85702924 -3.71947258 -0.88471836 -2.56382971 -0.21812623 nan 0.0
0.0 1000.0 -23.2513684 -3.957878 -0.460512 -4.14957844 -0.78073904 nan 0.0
0.0 1000.0 -23.88618455 -3.32073934 -0.13760599 -4.36540161 -1.93820373 nan 0.0
0.0 1000.0 -23.18170566 -3.98668314 -0.62116264 -4.41924776 -0.47453689 nan 0.0
0.0 1000.0 -23.69198611 -3.37729706 -0.23304066 -3.51077871 -0.83721191 nan 0.0
0.0 1000.0 -23.80717942 -3.46455921 -0.39595542 -4.694059 -0.3938374 nan 0.0
0.0 1000.0 -23.85873224 -3.62527603 -0.88725712 -2.6990271 -0.88315017 nan 0.0
0.0 1000.0 -23.53974212 -3.99554437 -0.08983927 -3.2625556 -1.37268199 nan 0.0
0.0 1000.0 -23.65815211 -3.59843139 -0.0705204 -0.50405978 -1.60310832 nan 0.0
0.0 1000.0 -23.46767704 -3.55956502 -0.62176707 -4.54519812 -1.89191261 nan 0.0
0.0 1000.0 -23.3461621 -3.67369598 -0.11388709 -2.61768829 -0.43234891 nan 0.0
0.0 1000.0 -23.63371394 -3.92673621 -0.54216898 -0.21947934 -1.83584622 nan 0.0
0.0 1000.0 -23.81736174 -3.74610552 -0.23858655 -0.56638187 -1.77343264 nan 0.0
0.0 1000.0 -23.45644568 -3.82364332 -0.72827132 -2.58667675 -0.47171129 nan 0.0
0.0 1000.0 -23.99380593 -3.36088966 -0.12192672 -2.14749525 -1.74002598 nan 0.0
0.0 1000.0 -23.98017125 -3.17225275 -0.52551706 -1.28934494 -1.35213136 nan 0.0
0.0 1000.0 -23.88062178 -3.42083963 -0.11837638 -0.43473167 -1.55784108 nan 0.0
0.0 1000.0 -23.91104599 -3.60512628 -0.04277222 -3.74451132 -1.72236422 nan 0.0
0.0 1000.0 -23.74155612 -3.97090678 -0.8285012 -0.87236754 -0.41161519 nan 0.0
0.0 1000.0 -23.70412839 -3.36868221 -0.91786612 -1.37017068 -1.37167877 nan 0.0
0.0 1000.0 -23.42295109 -3.86132164 -0.19871589 -1.92774626 -0.12488568 nan 0.0
0.0 1000.0 -23.48994261 -3.82752485 -0.48401694 -2.41480656 -1.81460455 nan 0.0
0.0 1000.0 -2.39977228e+01 -3.78243328e+00 -1.53091987e-02 -4.01067042e+00 -1.82775078e+00 nan 0.0
0.0 1000.0 -23.75423761 -3.90275486 -0.69766451 -2.06545587 -0.5164781 nan 0.0
0.0 1000.0 -23.87149736 -3.74724453 -0.05872574 -4.50012276 -0.18076989 nan 0.0
0.0 1000.0 -23.81958025 -3.47252996 -0.21123969 -0.58791484 -1.21789243 nan 0.0
0.0 1000.0 -23.981878 -3.65796655 -0.94170213 -0.52648562 -0.58592602 nan 0.0
0.0 1000.0 -23.45843416 -3.94049132 -0.58622181 -2.49082497 -1.14295353 nan 0.0
0.0 1000.0 -23.54500258 -3.84340779 -0.38930955 -4.75560716 -1.94360236 nan 0.0
0.0 1000.0 -23.86194508 -3.47111197 -0.88838257 -3.60505817 -0.95753296 nan 0.0
0.0 977.8341542472773 -22.16285757 -2.70763435 -0.06061167 -3.10255187 -0.86669232 nan 0.0
0.0 956.1434451815279 -22.76921062 -2.89456408 -0.53561751 -2.08502504 -0.34205276 -977.8341542472773 0.0
0.0 889.7847084997267 -23.52367664 -2.65303082 -0.89332567 -4.85871574 -1.26349314 -956.1434451815279 0.0
0.0 888.334098423334 -22.64695683 -2.79424519 -0.9194057 -1.34266154 -0.56328563 -889.7847084997267 0.0
0.0 828.8381537912742 -22.97013776 -2.89066539 -0.46054286 -3.63291039 -0.95343509 -888.334098423334 0.0
0.0 825.0015592935986 -2.28018199e+01 -2.98377772e+00 -2.26618286e-02 -1.57662787e+00 -8.67067514e-01 -828.8381537912742 0.0
0.0 788.2304068505334 -22.57873638 -2.83911506 -0.0881638 -1.29203157 -1.95065236 -825.0015592935986 0.0
0.0 788.1393099468906 -23.82309273 -2.93834986 -0.05846411 -2.79880367 -0.10713632 -788.2304068505334 0.0
0.0 775.9550553887915 -22.51573204 -2.85773339 -0.23689286 -4.4914321 -0.33486258 -788.1393099468906 0.0
0.0 775.5706733555819 -22.07196022 -2.50374818 -0.62730046 -0.98307809 -1.80673836 -775.9550553887915 0.0
1.3347e-319 727.3187128728663 -22.74765809 -2.95050844 -0.98027079 -2.47809134 -0.29349257 -775.5706733555819 0.0
1.75065e-318 724.8198509120105 -22.84706498 -2.89475134 -0.45617266 -0.47275918 -0.98195327 -727.3187128728663 0.0
1.748639647e-313 713.2251172960871 -22.47772921 -2.72648582 -0.97222461 -3.68143209 -0.71073791 -724.8198509120105 0.0
5.479661977825433e-309 702.8686021978378 -22.30460226 -2.51691348 -0.95791746 -4.79232185 -1.61469404 -713.2251172960871 0.0
3.860400919334866e-299 680.1889998352264 -22.3810889 -2.72629808 -0.32721397 -1.52399678 -1.4581134 -702.8686021978378 0.0
2.2193922094637393e-297 676.1508517769545 -22.60120099 -2.55978325 -0.95506116 -1.66810415 -1.88955603 -680.1889998352264 0.0
9.123102082307691e-294 667.808289616913 -22.10546366 -2.4620137 -0.72575227 -3.29166231 -1.9365212 -676.1508517769545 0.0
1.2909310541616075e-287 653.6414106968166 -23.01347464 -2.79408929 -0.70384579 -2.60918302 -1.53879113 -667.808289616913 0.0
3.105909005478007e-278 632.0362094128132 -22.14642954 -2.67829079 -0.57491891 -0.322088 -1.25885213 -653.6414106968166 0.0
1.4604295202142568e-274 623.5766647087707 -22.10988232 -2.58406467 -0.73305336 -1.25917831 -1.41674816 -632.0362094128132 0.0
1.0764556080666828e-273 621.7200751463045 -22.40054286 -2.90635207 -0.53983379 -0.79009048 -0.07238171 -623.5766647087707 0.0
1.5556937263960818e-262 595.874256716174 -22.04804685 -2.8456562 -0.06939098 -1.23458674 -0.25863853 -621.7200751463045 0.0
1.368421697588732e-260 591.4047458798611 -22.02580023 -2.48878546 -0.83799238 -2.84382754 -1.4876976 -595.874256716174 0.0
8.743554312591875e-257 582.6271061317752 -22.00952547 -2.57122423 -0.5594212 -3.4104516 -1.25209905 -591.4047458798611 0.0
6.315321074682088e-251 569.1327889829523 -22.20643717 -2.92321058 -0.1711262 -4.51327984 -0.18331149 -582.6271061317752 0.0
1.5134102681796456e-244 554.4393133851739 -22.26398316 -2.8887092 -0.54795353 -2.4939242 -0.25274851 -569.1327889829523 0.0
9.640859140385767e-240 543.3733515447516 -23.29799714 -2.67790313 -0.89662208 -2.43660295 -1.73119337 -554.4393133851739 0.0
2.5565668136355077e-236 535.4867241372177 -22.352212 -2.78173325 -0.30251498 -1.31993939 -1.57430733 -543.3733515447516 0.0
1.327938530269745e-234 531.5515781093231 -23.63077994 -2.72415597 -0.54111545 -2.99643168 -1.98988898 -535.4867241372177 0.0
6.1519701567389596e-232 525.3920279213586 -23.12203888 -3.00995392 -0.81862872 -0.11253561 -1.29104559 -531.5515781093231 0.0
2.7186996248156515e-210 475.5456715746183 -22.45866398 -2.75242585 -0.4934736 -1.26114339 -1.91329129 -525.3920279213586 0.0
2.482571239756944e-209 473.4454485255858 -22.71554943 -2.93372979 -0.26071012 -4.72731771 -1.79555157 -475.5456715746183 0.0
4.724069493096793e-202 456.56448991276557 -22.14515996 -2.63650635 -0.58793825 -4.79523741 -1.86097956 -473.4454485255858 0.0
1.545300893400429e-199 450.7732440505646 -22.51418028 -2.70638794 -0.79222588 -3.07057947 -1.52557195 -456.56448991276557 0.0
3.9867997665697706e-199 450.3043776864463 -22.59801341 -2.99500123 -0.06496751 -3.5009673 -1.6201903 -450.7732440505646 0.0
6.239006384966966e-199 449.86336673776 -22.7471478 -3.11662923 -0.22086021 -4.09830767 -0.1505046 -450.3043776864463 0.0
1.3926534017273236e-188 425.53379023846685 -22.70192764 -2.8468541 -0.74645752 -0.91428079 -1.97462129 -449.86336673776 0.0
1.693491255739524e-185 418.4272809736492 -23.55631999 -3.0287756 -0.60286618 -2.7121543 -0.03586381 -425.53379023846685 0.0
2.554822272956544e-175 394.9854281758666 -22.86143782 -3.01815293 -0.64340921 -0.08074453 -1.43164531 -418.4272809736492 0.0
2.2318115603134353e-174 392.9350775786892 -23.97162581 -2.88673196 -0.08672549 -0.92903441 -1.12793015 -394.9854281758666 0.0
5.5128633545576656e-170 382.695452901399 -22.78864176 -2.9755518 -0.59902395 -4.77004817 -0.91882646 -392.9350775786892 0.0
6.613734631924797e-165 370.99644365322877 -22.17186356 -3.0152078 -0.46314246 -4.22653186 -0.05753795 -382.695452901399 0.0
2.8163960321689536e-160 360.33323168122297 -23.53750441 -2.7015081 -0.7485463 -4.55162425 -1.8306443 -370.99644365322877 0.0
2.2769863349980806e-149 335.2133855266244 -23.39043145 -3.02170168 -0.15820708 -0.50363001 -1.5465948 -360.33323168122297 0.0
9.476722457753663e-149 334.0569427097066 -23.03775307 -3.04734853 -0.83611932 -3.82587881 -0.63683749 -335.2133855266244 0.0
1.304084942120769e-142 319.64465756839826 -23.03563258 -3.19433893 -0.14697738 -0.81339996 -0.17888735 -334.0569427097066 0.0
5.363199926479077e-141 315.9485373370589 -22.27175769 -2.92838841 -0.19109926 -0.43823156 -1.94069947 -319.64465756839826 0.0
1.1035135924754944e-137 308.2912223100389 -23.293616 -2.87533133 -0.84009575 -3.62363911 -1.01937854 -315.9485373370589 0.0
8.929680986936447e-135 301.5919372678237 -23.5112621 -2.95087787 -0.42195681 -1.22847952 -0.66562023 -308.2912223100389 0.0
3.115726472239985e-127 284.2189518249208 -23.73379758 -2.89099488 -0.63007096 -0.57433655 -0.76223644 -301.5919372678237 0.0
8.63773821090052e-127 283.64043442675165 -23.4303652 -2.98490396 -0.32679862 -2.27826334 -0.72056843 -284.2189518249208 0.0
4.537184030209659e-125 279.24217708694476 -23.94944091 -2.79302932 -0.89371149 -3.03171795 -0.73432156 -283.64043442675165 0.0
7.743597253912612e-123 274.09201306923705 -22.31122436 -2.94129768 -0.29049866 -2.12180956 -1.10982377 -279.24217708694476 0.0
6.499365288413312e-120 267.3508264261256 -23.90599821 -2.97747794 -0.98074064 -3.47349218 -0.10617493 -274.09201306923705 0.0
7.960654362583011e-119 264.92497326210673 -22.63798766 -2.97976717 -0.7744199 -0.72666691 -1.06490289 -267.3508264261256 0.0
3.906689274041265e-112 249.4299955204818 -23.20124213 -3.14508158 -0.07383802 -1.12331764 -0.51611661 -264.92497326210673 0.0
1.6445751075768268e-110 245.70998611367153 -23.7914908 -2.94015852 -0.9784215 -0.90879126 -0.46337998 -249.4299955204818 0.0
2.139893321590591e-106 236.2085097763845 -22.56415546 -2.97279114 -0.80067965 -2.93765794 -0.9560552 -245.70998611367153 0.0
3.870043294920231e-105 233.3659919715884 -22.93776143 -3.11436437 -0.20002153 -3.52629373 -1.35918942 -236.2085097763845 0.0
1.4961437593127016e-101 225.0456340166379 -23.3797331 -3.07957589 -0.11812658 -2.08812281 -1.00291709 -233.3659919715884 0.0
3.550327898162148e-101 224.72133710009314 -23.02806911 -2.89153328 -0.96018132 -2.42150126 -1.45075249 -225.0456340166379 0.0
1.1281950506484331e-100 223.21787611623154 -22.16851889 -3.10503634 -0.54859983 -0.47818722 -0.04294215 -224.72133710009314 0.0
2.501802608609508e-98 217.6152199203504 -22.88004841 -3.11755259 -0.21383365 -1.11831258 -1.79851074 -223.21787611623154 0.0
7.130121826633282e-98 216.98824100828435 -22.3864968 -2.8714692 -0.57447977 -4.20030339 -1.7054471 -217.6152199203504 0.0
3.9772642355427817e-94 207.9297479375597 -23.69411079 -2.83434174 -0.50338926 -2.94248167 -1.41227252 -216.98824100828435 0.0
4.0442646628832475e-93 205.7094232630974 -23.01797207 -3.08384385 -0.27026128 -4.5838446 -1.38844605 -207.9297479375597 0.0
1.0760577604242907e-92 205.0357741924679 -22.0681982 -3.021884 -0.27602882 -4.51051305 -0.70264612 -205.7094232630974 0.0
2.3662737722205018e-92 204.18842153713953 -22.53549948 -3.15822982 -0.303723 -0.30986274 -0.35485701 -205.0357741924679 0.0
1.765890958350808e-91 201.91593079447458 -22.66288367 -3.20377493 -0.66587 -2.42521764 -0.23365344 -204.18842153713953 0.0
5.055375332593548e-88 193.85461844993407 -22.24775553 -3.03686714 -0.17636487 -0.58611326 -1.76479474 -201.91593079447458 0.0
1.7101533970275148e-83 183.42128396243785 -22.24669202 -3.04041842 -0.27902774 -4.05635884 -0.80942461 -193.85461844993407 0.0
3.4464636962796377e-81 178.116281094126 -23.39317034 -2.9438155 -0.64689797 -1.59788687 -0.92068716 -183.42128396243785 0.0
1.5553193630176768e-79 174.32003887605913 -23.65922847 -2.94355679 -0.32527062 -0.77484509 -1.7977762 -178.116281094126 0.0
3.814285399811776e-79 173.90296683547592 -23.33941343 -3.67135789 -0.9869108 -2.41825627 -1.97869915 -174.32003887605913 0.0
8.908574293950735e-79 172.84165278976863 -22.90023735 -3.25769319 -0.32245758 -1.65337766 -0.25209651 -173.90296683547592 0.0
3.7973335731885777e-78 171.28132959453882 -23.94037144 -2.83317774 -0.35255216 -2.14953847 -1.2477992 -172.84165278976863 0.0
2.595245512212794e-77 169.29302287687236 -22.40451173 -2.97029932 -0.55261731 -4.44080356 -1.35726318 -171.28132959453882 0.0
3.593870602038496e-76 166.5979207210354 -23.28227314 -3.63122676 -0.95150586 -1.76010274 -1.85832874 -169.29302287687236 0.0
4.898680912166027e-75 163.98715908371088 -2.27851714e+01 -3.26500069e+00 -2.06607273e-02 -2.38672225e+00 -8.57385296e-01 -166.5979207210354 0.0
3.17924475886304e-74 162.19627579641437 -22.34213792 -3.06540849 -0.93150088 -4.85377381 -0.58273772 -163.98715908371088 0.0
6.377594923971264e-74 161.89617125175056 -22.94229272 -3.96983817 -0.5357421 -3.86379539 -0.687409 -162.19627579641437 0.0
1.8201849472109354e-73 160.51288152142686 -22.87006437 -3.92007838 -0.87940402 -4.03932729 -0.91231028 -161.89617125175056 0.0
3.7332979717077544e-73 160.0582312993899 -22.97630918 -3.91197418 -0.8836732 -2.33960809 -0.6142536 -160.51288152142686 0.0
7.986217610569844e-73 159.1376099732067 -22.64633373 -3.92811977 -0.9403928 -2.04214377 -1.4715468 -160.0582312993899 0.0
2.0898075091143983e-72 158.15418883945608 -23.2636826 -3.12739965 -0.23847405 -1.32416153 -0.44660352 -159.1376099732067 0.0
2.677830511622699e-70 152.98501727363387 -23.12350339 -3.88084356 -0.75699597 -4.29038682 -0.19674382 -158.15418883945608 0.0
1.0858719064545492e-68 149.297532246706 -23.75288946 -3.0497526 -0.61655315 -1.18827037 -0.2678637 -152.98501727363387 0.0
6.603448518391642e-68 147.63770204877645 -22.68428367 -3.98005966 -0.59286183 -1.32700672 -0.9843634 -149.297532246706 0.0
1.3528589500328644e-67 147.26746626475557 -23.02455754 -3.92656659 -0.86457334 -1.71170196 -0.11936076 -147.63770204877645 0.0
9.934589385048765e-67 144.8282365129794 -23.13283765 -3.88243525 -0.96828184 -0.03576373 -0.69583091 -147.26746626475557 0.0
1.0498852552079543e-65 142.47346120373712 -23.63861263 -3.10901526 -0.51154648 -0.49339482 -0.17028846 -144.8282365129794 0.0
2.111112570130371e-65 142.282456773598 -22.67415526 -3.10753691 -0.67327708 -2.77070227 -0.97726064 -142.47346120373712 0.0
2.6004807723490843e-65 142.05258867814712 -22.69690578 -3.81314571 -0.98087287 -2.6295087 -1.3224983 -142.282456773598 0.0
3.007650651377027e-65 141.97198965014655 -23.62642234 -2.68248871 -0.97483161 -3.65492041 -1.98456792 -142.05258867814712 0.0
3.1705330375220265e-65 141.93779244242197 -22.65315337 -3.2548322 -0.03083356 -2.06849457 -1.46119959 -141.97198965014655 0.0
4.921216525696767e-65 141.21296614927587 -22.20853304 -3.085856 -0.81993774 -4.76656009 -0.44991579 -141.93779244242197 0.0
9.251621996115627e-65 140.6241961638563 -22.82158993 -3.95714602 -0.91446516 -3.96955261 -0.340765 -141.21296614927587 0.0
1.3046062625691498e-64 140.44058463953365 -22.42677427 -3.19980453 -0.05935408 -3.45887092 -1.55799728 -140.6241961638563 0.0
2.173398002905389e-64 139.71562559054775 -22.45990304 -3.95817516 -0.97056207 -1.35363698 -1.01450878 -140.44058463953365 0.0
4.70945318848088e-64 138.9139672405517 -22.89290457 -3.99799372 -0.59709293 -3.39153347 -0.03297854 -139.71562559054775 0.0
2.1152455816664993e-63 137.20335892689107 -23.0135388 -3.90321632 -0.41329002 -1.0027209 -0.26768192 -138.9139672405517 0.0
3.572500677750851e-63 137.2011711522201 -22.23626458 -3.99925386 -0.85560373 -2.39286031 -1.0914135 -137.20335892689107 0.0
5.134209061087143e-63 136.56849709448616 -23.87895803 -2.94380685 -0.8711304 -0.23274568 -1.03830832 -137.2011711522201 0.0
8.133703796312135e-63 136.2070477137794 -22.8266136 -3.87370662 -0.45185018 -3.32081152 -1.34270898 -136.56849709448616 0.0
1.502840733674378e-62 135.44278079848516 -22.92704133 -3.71624571 -0.8697153 -3.36742514 -1.1445873 -136.2070477137794 0.0
2.325698395264934e-62 135.19806665593086 -22.97497952 -3.17106357 -0.63597032 -2.35778685 -0.5425821 -135.44278079848516 0.0
2.9481876816507012e-62 134.95969406413582 -23.94871327 -2.79747117 -0.98645289 -4.40872086 -0.95529234 -135.19806665593086 0.0
6.269317914755073e-62 133.92395248105385 -23.37453809 -3.62145818 -0.46953296 -0.93809455 -0.96803661 -134.95969406413582 0.0
9.481485722481451e-62 133.86814599713932 -23.53766312 -3.41210262 -0.72755143 -3.22221935 -1.23339929 -133.92395248105385 0.0
1.784604503698949e-61 132.88349195877169 -23.34013147 -2.93868411 -0.76543393 -2.18956778 -1.05582677 -133.86814599713932 0.0
4.886764540111549e-61 131.8623823783289 -22.56315234 -3.97772814 -0.67427559 -0.4514332 -1.22885307 -132.88349195877169 0.0
8.198602893954968e-61 131.60684982626802 -22.85897719 -3.73590053 -0.67047879 -1.50144197 -1.65574177 -131.8623823783289 0.0
1.7378610103692107e-60 130.5856700340337 -22.81299434 -3.33446346 -0.19759573 -4.20918523 -0.16294845 -131.60684982626802 0.0
4.990228206408683e-60 129.5136347380435 -22.25387739 -3.03701329 -0.51051677 -1.9218771 -1.08527129 -130.5856700340337 0.0
1.361751382110069e-59 128.5287144274899 -22.98214102 -3.54004328 -0.95310227 -4.10407063 -1.90384993 -129.5136347380435 0.0
2.12834794605433e-59 128.38439885725728 -22.99727638 -3.82760275 -0.42269332 -1.34124719 -0.58061224 -128.5287144274899 0.0
2.5579066124056203e-59 128.16036368112887 -23.06465968 -3.73939455 -0.4859552 -3.13777047 -0.91016949 -128.38439885725728 0.0
2.9037229889067886e-59 128.11089571949057 -23.9254164 -2.8627915 -0.84318937 -3.47313387 -0.75789374 -128.16036368112887 0.0
8.047347927116031e-59 126.62234803822464 -22.44542443 -3.99438861 -0.65102563 -4.33429706 -0.61222961 -128.11089571949057 0.0
2.6523539704470514e-58 125.505245049112 -23.3720368 -3.62056152 -0.98343517 -4.20163123 -0.131455 -126.62234803822464 0.0
4.101916622059116e-58 125.44622964781848 -23.26407558 -3.53886209 -0.66333354 -1.31284633 -1.39591766 -125.505245049112 0.0
5.7283407300110084e-58 124.90168204949883 -23.98361368 -2.90519119 -0.22090935 -4.29869139 -1.7738203 -125.44622964781848 0.0
1.3244816644872557e-57 123.92033009305523 -22.58987761 -3.71400058 -0.82333079 -3.28698267 -1.99164233 -124.90168204949883 0.0
3.1378638050421986e-57 123.10050084555401 -23.27668952 -3.7413383 -0.44555512 -0.04894693 -0.75849166 -123.92033009305523 0.0
6.035007478673835e-57 122.52299587277162 -2.24537476e+01 -3.15077626e+00 -7.88564837e-01 -1.71934643e-02 -1.81017181e+00 -123.10050084555401 0.0
8.558031332068204e-57 122.3217900728568 -23.36183056 -3.54741748 -0.94724957 -4.60374757 -0.44512402 -122.52299587277162 0.0
9.571291760592718e-57 122.2815173635816 -22.66735778 -3.77940396 -0.60874186 -2.69296738 -1.84388254 -122.3217900728568 0.0
1.58434292066084e-56 121.46692429344745 -22.67226255 -3.95461511 -0.30003568 -0.52007747 -1.09492965 -122.2815173635816 0.0
8.107251076105163e-56 119.6086606001999 -22.18226221 -3.81949195 -0.84088251 -4.42140504 -1.55012296 -121.46692429344745 0.0
1.8057476529973163e-55 119.14810217557459 -22.37047614 -3.95017776 -0.65474184 -2.14917715 -0.62952751 -119.6086606001999 0.0
2.3554204838476753e-55 119.02067761592181 -22.1312608 -3.03978061 -0.4203169 -2.89804226 -1.65335581 -119.14810217557459 0.0
8.859839655032827e-55 117.2121912120048 -22.79464973 -3.69581604 -0.740689 -1.09926984 -1.71134638 -119.02067761592181 0.0
3.2750226714993263e-54 116.01236173506169 -22.28276126 -2.97476769 -0.61586753 -1.75479937 -1.78685919 -117.2121912120048 0.0
7.630890458286318e-54 115.29742137971289 -23.31672629 -3.50779269 -0.59420979 -1.13799863 -1.45054719 -116.01236173506169 0.0
2.0828344778485158e-53 114.17214918617037 -22.57789805 -3.13642732 -0.67127394 -0.43662035 -1.68209639 -115.29742137971289 0.0
3.9539630279869825e-53 113.75044774363734 -23.13837011 -3.70522808 -0.33490809 -0.91435783 -1.8587012 -114.17214918617037 0.0
5.248952309976102e-53 113.56225365596401 -22.8653996 -3.6768233 -0.62414926 -4.58822551 -1.50950606 -113.75044774363734 0.0
8.574084146398486e-53 112.86975730005453 -22.53512164 -3.93827472 -0.27587636 -1.93365641 -1.19531008 -113.56225365596401 0.0
1.203155071424243e-52 112.76202699136255 -22.92331583 -3.62451815 -0.84756737 -4.88014584 -1.18272071 -112.86975730005453 0.0
1.2821033818736908e-52 112.7319894324641 -23.51957677 -3.41847178 -0.55829881 -4.61439453 -1.1122786 -112.76202699136255 0.0
1.3020906104282605e-52 112.72289977238869 -22.87150651 -3.88054656 -0.18409061 -0.70869163 -1.72753714 -112.7319894324641 0.0
1.6485623714077687e-52 112.29710644655313 -23.29740861 -3.50604957 -0.74852473 -3.10916545 -0.81587904 -112.72289977238869 0.0
2.096242059847327e-52 112.19219417930393 -22.38213823 -3.9667044 -0.71277117 -0.33157071 -0.72800204 -112.29710644655313 0.0
2.9468903504271706e-52 111.67205160738497 -23.33305207 -3.51265076 -0.65974824 -2.0573682 -0.74446434 -112.19219417930393 0.0
8.221865202028691e-52 110.42896614296961 -22.26077831 -2.97647496 -0.62514356 -3.86009793 -1.81519038 -111.67205160738497 0.0
1.887507597696282e-51 109.7510104120587 -22.55976864 -3.96247095 -0.18337573 -0.61843324 -1.39822722 -110.42896614296961 0.0
7.141701145188861e-51 108.19766081060266 -22.11002807 -3.86904827 -0.39350703 -2.1910973 -1.89360198 -109.7510104120587 0.0
1.8969416127509768e-50 107.3952570337626 -22.83929435 -3.82611526 -0.29490524 -2.58563185 -0.8901717 -108.19766081060266 0.0
3.2999331630980506e-50 106.97033976394818 -22.71508431 -3.02312759 -0.79229331 -3.19207417 -1.60965991 -107.3952570337626 0.0
4.1893793350970765e-50 106.86779673154012 -22.5955316 -3.66267636 -0.81541832 -1.40024503 -1.85419451 -106.97033976394818 0.0
4.4272876812404765e-50 106.84934414313454 -22.40963299 -3.22046881 -0.63708163 -2.49249322 -0.46677812 -106.86779673154012 0.0
5.182810937010054e-50 106.5647825965068 -22.55249808 -3.99828048 -0.15474263 -4.13313715 -0.38874615 -106.84934414313454 0.0
6.458973075778114e-50 106.3886815592287 -22.81530159 -3.25788613 -0.88657408 -3.81947181 -0.46477809 -106.5647825965068 0.0
8.64682977220843e-50 106.00263897044894 -23.07304463 -3.43231459 -0.94265898 -4.1347153 -1.74043779 -106.3886815592287 0.0
1.0599688808824984e-49 105.93746724524688 -22.3319404 -3.13465322 -0.31836494 -3.69917195 -1.51962342 -106.00263897044894 0.0
1.1026797996247163e-49 105.91471499364492 -22.08742286 -3.92557373 -0.2500025 -1.34378072 -1.50182127 -105.93746724524688 0.0
3.459268019012039e-49 104.26058358007714 -23.51265743 -3.36255066 -0.6433283 -0.99096774 -1.80359142 -105.91471499364492 0.0
6.0080686388139965e-49 104.1861654738338 -22.60082228 -3.63739829 -0.79069464 -4.52160827 -1.86092579 -104.26058358007714 0.0
1.0892011840835416e-48 103.26597707058467 -22.0242808 -3.89486201 -0.28360827 -1.41437583 -1.14122921 -104.1861654738338 0.0
1.6005314510454544e-48 103.2047226144131 -22.1212897 -3.97227038 -0.11572879 -4.97537677 -1.44987645 -103.26597707058467 0.0
1.753884417636309e-48 103.0780682719073 -22.83468976 -3.25766008 -0.23431692 -1.45893777 -0.66571974 -103.2047226144131 0.0
2.3490885790131866e-48 102.65314620570143 -22.00299093 -3.81436444 -0.49551611 -3.08601035 -1.19247777 -103.0780682719073 0.0
3.4167942018655966e-48 102.30592063408542 -22.40459727 -3.20709581 -0.79075784 -3.98990219 -0.54090469 -102.65314620570143 0.0
4.7333327766423116e-48 101.98841469582665 -22.74734213 -3.75155648 -0.6555626 -4.70434308 -0.7886324 -102.30592063408542 0.0
5.550328148348225e-48 101.95466893489237 -22.82190568 -3.70437732 -0.4717796 -4.79526641 -1.87059785 -101.98841469582665 0.0
6.933825765203539e-48 101.57151587642639 -22.32881971 -3.95096036 -0.16524139 -2.55631217 -1.68774713 -101.95466893489237 0.0
1.8483447765858173e-47 100.31851018181149 -22.31853429 -3.10407757 -0.41754991 -1.99439002 -1.54168984 -101.57151587642639 0.0
3.5236839019750883e-47 99.93955543533731 -22.6427106 -3.20819427 -0.49537589 -3.01488524 -0.84798047 -100.31851018181149 0.0
5.604624732678484e-47 99.41474704245735 -22.29798804 -3.69484573 -0.67203356 -3.5546247 -1.97421612 -99.93955543533731 0.0
7.928822200494797e-47 99.18305679561553 -22.1513428 -3.75627987 -0.65356713 -1.36840129 -1.47603735 -99.41474704245735 0.0
1.695471975359125e-46 98.1357948517496 -22.13359066 -3.89588757 -0.73948539 -0.8570205 -0.65121607 -99.18305679561553 0.0
2.586192947905187e-46 98.06922348440332 -23.1460655 -3.40079224 -0.83351571 -4.33856835 -1.84841199 -98.1357948517496 0.0
5.945145949693441e-46 96.82583263599447 -22.16491391 -3.98631114 -0.04293675 -0.14355999 -0.55138592 -98.06922348440332 0.0
1.1559766425536578e-45 96.41028519014164 -22.95781629 -3.51233978 -0.80547607 -1.6545553 -1.5746598 -96.82583263599447 0.0
1.4846817318627307e-45 96.27879531241737 -22.36280272 -3.98322801 -0.06528049 -3.38909501 -0.84430975 -96.41028519014164 0.0
1.7302797909224594e-45 96.09981434674023 -23.33955308 -3.42793394 -0.57966582 -4.62090896 -1.87084726 -96.27879531241737 0.0
2.4777422086547195e-45 95.60522537603147 -22.80986594 -3.89909566 -0.04173581 -3.58303485 -1.98969229 -96.09981434674023 0.0
4.4920529785160223e-45 94.94759152596934 -23.95043685 -2.97980685 -0.652522 -1.29238581 -0.34599008 -95.60522537603147 0.0
6.851866523264233e-45 94.66630748439711 -22.50812506 -3.21299197 -0.88123575 -3.02511858 -0.61281089 -94.94759152596934 0.0
8.024351581803978e-45 94.60491476011693 -22.8680649 -3.78869449 -0.8800567 -1.32511795 -0.17879538 -94.66630748439711 0.0
8.943808501906873e-45 94.4466735907127 -22.10026226 -3.78990063 -0.76403361 -2.05247775 -0.95414218 -94.60491476011693 0.0
1.0400458836941154e-44 94.29467097997016 -22.64223488 -3.65444169 -0.65915079 -3.19195126 -1.56889774 -94.4466735907127 0.0
1.605584996308647e-44 93.6627003239284 -23.00024826 -3.71314774 -0.51986802 -1.29603216 -0.38134122 -94.29467097997016 0.0
3.027346708304218e-44 93.0212195257589 -22.40081808 -3.75497073 -0.48963594 -4.2011876 -1.56625058 -93.6627003239284 0.0
4.778541862870793e-44 92.6711440574622 -23.03688684 -3.06251656 -0.80832055 -0.68950812 -1.7724825 -93.0212195257589 0.0
6.054382749089561e-44 92.51550803756939 -23.00154545 -3.43702358 -0.8980438 -4.28368755 -1.70306855 -92.6711440574622 0.0
7.762535523621603e-44 92.18692795314838 -23.0588514 -3.10837796 -0.9015932 -4.72844868 -0.73507157 -92.51550803756939 0.0
1.2530397706092703e-43 91.60612892056754 -22.75960956 -3.78775371 -0.64523452 -0.53394601 -0.45439828 -92.18692795314838 0.0
2.2702548501186975e-43 90.99815189063517 -22.41218912 -3.28722582 -0.97526352 -3.12325632 -0.3040244 -91.60612892056754 0.0
4.301047264722764e-43 90.3366500033713 -23.07195169 -3.69713271 -0.22924169 -3.46957325 -1.9722601 -90.99815189063517 0.0
5.661551764456055e-43 90.33303424696197 -22.47923884 -3.83458146 -0.36737568 -1.82300876 -0.78084886 -90.3366500033713 0.0
6.2676510547583e-43 90.13503989839879 -22.44125377 -3.91168542 -0.6743721 -1.6110744 -0.2367819 -90.33303424696197 0.0
9.049407710250152e-43 89.64106330822253 -23.40277182 -3.56991279 -0.33427091 -0.25606334 -0.32663242 -90.13503989839879 0.0
1.5726586713429683e-42 89.04802172861376 -22.35497955 -3.16654805 -0.37292414 -4.61271664 -1.29134558 -89.64106330822253 0.0
2.1144897466441234e-42 88.95641891139626 -23.39017643 -3.19409343 -0.03409992 -2.0239861 -0.78581115 -89.04802172861376 0.0
2.4161762264309338e-42 88.77904992178499 -22.32945027 -3.84033515 -0.26022101 -4.46581979 -1.39332692 -88.95641891139626 0.0
2.999494194940726e-42 88.52425207882507 -22.00454556 -3.66034745 -0.61161315 -0.7391181 -1.17592045 -88.77904992178499 0.0
4.3169411365598926e-42 88.07640133750088 -2.20839453e+01 -3.95052767e+00 -4.59849871e-01 -2.58194347e+00 -5.70311541e-03 -88.52425207882507 0.0
6.299888451204654e-42 87.73891023939616 -22.03691352 -3.64488317 -0.14837605 -0.06378826 -1.78746806 -88.07640133750088 0.0
8.407100386162322e-42 87.47973332038585 -23.78875329 -3.07235597 -0.83483742 -1.77055228 -1.57999743 -87.73891023939616 0.0
1.0569731680513966e-41 87.26757590813375 -22.05542763 -3.21812399 -0.60959889 -4.29890197 -0.5398385 -87.47973332038585 0.0
1.4898678315160106e-41 86.82297681068583 -22.46299301 -3.22618611 -0.22835484 -3.86292226 -1.76999149 -87.26757590813375 0.0
2.8610314880930756e-41 86.05101100229412 -22.54232405 -3.24586 -0.59179182 -1.09037659 -0.64423924 -86.82297681068583 0.0
5.681657951132744e-41 85.40120296345216 -23.30693518 -3.52071125 -0.58509317 -2.06766204 -0.38771424 -86.05101100229412 0.0
7.59657369288512e-41 85.35881167702544 -22.26035234 -3.77251967 -0.63734428 -1.11737194 -0.92446405 -85.40120296345216 0.0
7.80624078238387e-41 85.33842124322888 -22.23420756 -3.29744288 -0.46785443 -1.598482 -0.35156497 -85.35881167702544 0.0
9.130148475466399e-41 85.05712396807117 -22.07530123 -3.7127614 -0.62089764 -3.39207219 -0.87268407 -85.33842124322888 0.0
1.1496595076403186e-40 84.8595273949944 -22.57082848 -3.23409804 -0.40883251 -3.39274397 -0.89464206 -85.05712396807117 0.0
1.281216294430085e-40 84.82303941043797 -22.69301752 -3.61772358 -0.59226582 -1.59724731 -1.97329143 -84.8595273949944 0.0
1.3194538750458836e-40 84.79262564170381 -22.0624391 -3.82041656 -0.24735693 -3.66891578 -0.49473655 -84.82303941043797 0.0
1.3867935395439674e-40 84.71671179697567 -22.79550733 -3.23665364 -0.44961845 -0.33673657 -1.95286928 -84.79262564170381 0.0
