0.0 448404.58505120507 -23.85345305 -2.03455694 -0.25025567 -0.33395668 -0.20483928 -136.98929961966633 0.0
0.0 341746.9171232835 -23.60458382 -2.01908829 -0.09080754 -0.58435181 -1.57144977 -448404.58505120507 0.0
0.0 313880.5950548062 -23.82501868 -2.0450329 -0.16216011 -0.82850905 -0.81060372 -341746.9171232835 0.0
0.0 260574.1152034786 -23.67846454 -2.01286852 -0.28925479 -1.27826968 -1.29027108 -313880.5950548062 0.0
0.0 196631.19625632185 -23.2691468 -2.03896532 -0.5130792 -0.8280893 -0.53777492 -260574.1152034786 0.0
0.0 192259.392156941 -2.32343788e+01 -2.04856046e+00 -1.51949542e-02 -1.43305715e-01 -5.61265260e-01 -196631.19625632185 0.0
0.0 186077.63455898364 -23.81678051 -2.02443104 -0.39849877 -1.08762266 -1.60542193 -192259.392156941 0.0
0.0 177162.41594458144 -23.74142305 -2.14043109 -0.36227886 -1.69905938 -0.54700827 -186077.63455898364 0.0
0.0 132222.1221216992 -2.33614638e+01 -2.32539801e+00 -8.18621312e-01 -1.10793186e+00 -5.06031825e-03 -177162.41594458144 0.0
0.0 105556.35374371281 -23.77242052 -2.25131128 -0.80879637 -0.48388733 -0.34455339 -132222.1221216992 0.0
0.0 97664.24533660934 -23.3054812 -2.18188208 -0.30930021 -1.85630683 -1.61161275 -105556.35374371281 0.0
0.0 92667.21639262784 -23.25158737 -2.32195514 -0.09147832 -0.78395783 -0.69034104 -97664.24533660934 0.0
0.0 81152.61954534124 -23.32680174 -2.09131828 -0.84139955 -1.72678692 -1.49961467 -92667.21639262784 0.0
0.0 56321.56370442422 -22.97733502 -2.19825361 -0.29540308 -1.29882094 -1.76166418 -81152.61954534124 0.0
0.0 54261.302706981245 -22.83157699 -2.13769728 -0.32954214 -0.90866013 -0.82700008 -56321.56370442422 0.0
0.0 53621.00378453762 -23.49608536 -2.36253868 -0.53475303 -0.60391125 -0.64177504 -54261.302706981245 0.0
0.0 50057.43493089687 -23.185918 -2.39625869 -0.16688779 -1.70991935 -1.3473184 -53621.00378453762 0.0
0.0 47492.17895130234 -22.79911406 -2.03544466 -0.57581098 -0.09992682 -1.85667972 -50057.43493089687 0.0
0.0 47297.557317085084 -23.47135825 -2.48408814 -0.1980529 -0.06006293 -0.38162561 -47492.17895130234 0.0
0.0 45709.49557903701 -22.7694583 -2.03394923 -0.68589724 -1.49508636 -1.12840052 -47297.557317085084 0.0
0.0 44576.127884455746 -23.90660289 -2.44473549 -0.05932221 -0.77935236 -0.50262224 -45709.49557903701 0.0
0.0 44128.58368747078 -22.96675349 -2.37818656 -0.23052188 -1.78714562 -0.71055959 -44576.127884455746 0.0
0.0 43635.910156876795 -23.05243853 -2.31263045 -0.9902652 -0.20836859 -1.2366705 -44128.58368747078 0.0
0.0 43357.09808054811 -2.35059439e+01 -2.52093202e+00 -7.06602224e-01 -9.01962516e-01 -2.33968193e-02 -43635.910156876795 0.0
0.0 42722.83409343081 -22.94285775 -2.22474694 -0.69031645 -0.73705264 -1.57198228 -43357.09808054811 0.0
0.0 39494.354054985364 -22.64497134 -2.20354909 -0.42754652 -0.62461423 -0.08285942 -42722.83409343081 0.0
0.0 37824.517370659494 -23.38823412 -2.48865899 -0.16568106 -0.18038582 -1.41130836 -39494.354054985364 0.0
0.0 35709.5317876421 -23.30671744 -2.47978639 -0.74209112 -0.36338095 -0.55754635 -37824.517370659494 0.0
0.0 35145.74330362997 -22.99308285 -2.31883359 -0.68226102 -0.89172203 -1.28339287 -35709.5317876421 0.0
0.0 35115.153387790786 -22.69774393 -2.26385467 -0.09102551 -1.3493846 -0.85771071 -35145.74330362997 0.0
0.0 35105.13307229901 -23.60375663 -2.34738621 -0.75805459 -0.54243319 -1.58399789 -35115.153387790786 0.0
0.0 33274.41154434771 -22.92980353 -2.57093199 -0.10313511 -0.58712999 -0.05450799 -35105.13307229901 0.0
0.0 33135.996174525986 -23.60460081 -2.38299434 -0.68537372 -0.44335444 -1.39623762 -33274.41154434771 0.0
0.0 33094.13909631514 -23.3933109 -2.42240684 -0.37322067 -0.77244495 -1.23023551 -33135.996174525986 0.0
0.0 31488.316049413006 -23.73016286 -2.29701083 -0.96435665 -0.77664209 -1.37044731 -33094.13909631514 0.0
0.0 28609.11912769232 -22.79111989 -2.24828479 -0.41472265 -0.1152146 -1.75632933 -31488.316049413006 0.0
0.0 27973.332913381484 -23.57546011 -2.41969173 -0.56037077 -0.46580746 -1.7323399 -28609.11912769232 0.0
0.0 27335.712924551855 -23.36021246 -2.52857058 -0.36379435 -1.32786558 -0.53933314 -27973.332913381484 0.0
0.0 27277.515495873864 -22.46135924 -2.07166334 -0.06870048 -1.13954513 -1.89477949 -27335.712924551855 0.0
0.0 27173.357604507186 -23.87299571 -2.48416925 -0.99741629 -0.59856966 -0.2398586 -27277.515495873864 0.0
0.0 26965.758878005487 -22.5236034 -2.05454677 -0.26677362 -1.59091988 -1.9898727 -27173.357604507186 0.0
0.0 26776.32022364827 -22.96210192 -2.60294749 -0.84158806 -0.6747328 -0.14082816 -26965.758878005487 0.0
0.0 26593.12295651672 -22.97988197 -2.35997065 -0.47841494 -1.43464372 -1.90010961 -26776.32022364827 0.0
0.0 25964.33350250919 -23.29057482 -2.25853531 -0.85333401 -1.63670177 -1.83355588 -26593.12295651672 0.0
0.0 25735.10091155512 -22.55918898 -2.12489668 -0.37396694 -1.20314149 -1.26990041 -25964.33350250919 0.0
0.0 25323.45902507552 -23.0378872 -2.52990331 -0.61116048 -0.1381119 -0.70078779 -25735.10091155512 0.0
0.0 24075.135852686275 -22.66036338 -2.10611191 -0.67941203 -1.4038103 -1.87603748 -25323.45902507552 0.0
0.0 23806.457399699662 -22.6871015 -2.07982254 -0.81468145 -1.51779604 -1.92466671 -24075.135852686275 0.0
0.0 23671.73443401838 -23.73525204 -2.57599155 -0.02727245 -0.28960598 -1.17828892 -23806.457399699662 0.0
0.0 22853.673922923383 -23.95600875 -2.40095045 -0.33072839 -1.75468366 -0.83245604 -23671.73443401838 0.0
0.0 21195.26160999701 -22.86146129 -2.33545451 -0.80186475 -1.22180248 -1.5890515 -22853.673922923383 0.0
0.0 21022.08366301073 -23.59450165 -2.40733494 -0.93175989 -1.99665137 -0.94532219 -21195.26160999701 0.0
0.0 20731.529560470066 -22.67416497 -2.41413222 -0.13392953 -0.4762986 -0.82563374 -21022.08366301073 0.0
0.0 20016.310191614633 -23.1425163 -2.51337067 -0.47648228 -0.6265284 -1.72773485 -20731.529560470066 0.0
0.0 18643.561874166888 -23.35620479 -2.52435607 -0.63415544 -0.42969257 -1.32448365 -20016.310191614633 0.0
0.0 17127.483030864896 -23.93725804 -2.29658875 -0.62438676 -1.33300725 -1.47552761 -18643.561874166888 0.0
0.0 17057.93954358311 -23.11038018 -2.39436525 -0.7019686 -1.84358252 -1.76845982 -17127.483030864896 0.0
0.0 16360.608328058048 -23.53626136 -2.53420821 -0.51675496 -0.7323958 -0.82090856 -17057.93954358311 0.0
0.0 16208.475533871533 -23.7501149 -2.48614061 -0.79215521 -0.63803027 -0.77060624 -16360.608328058048 0.0
0.0 15478.855055427932 -22.34287237 -2.17224069 -0.6051076 -0.87578201 -0.56751523 -16208.475533871533 0.0
0.0 14954.966796473023 -23.63544355 -2.50584791 -0.73524963 -0.44282606 -1.94866808 -15478.855055427932 0.0
0.0 14728.551937410153 -22.37026588 -2.2909365 -0.34001939 -1.87817246 -0.33522625 -14954.966796473023 0.0
0.0 14709.329654554853 -22.19635528 -2.14612444 -0.06028175 -1.02473245 -0.59735064 -14728.551937410153 0.0
0.0 14516.942214759865 -22.9224647 -2.76531689 -0.47973715 -1.63936856 -0.10946115 -14709.329654554853 0.0
0.0 14078.926784561247 -22.21756189 -2.04038055 -0.33649234 -0.95155965 -1.33718309 -14516.942214759865 0.0
0.0 13768.180482299678 -22.35737641 -2.13655324 -0.48722541 -0.5562844 -1.5923027 -14078.926784561247 0.0
0.0 13671.3328928577 -22.47268268 -2.258392 -0.44231191 -0.81398955 -1.96733599 -13768.180482299678 0.0
0.0 13134.590935782173 -23.62082812 -2.71517725 -0.24956663 -1.34327207 -0.08463406 -13671.3328928577 0.0
0.0 13095.344787792561 -23.39687144 -2.60272165 -0.42919443 -0.56216553 -0.9622506 -13134.590935782173 0.0
0.0 12895.180373368528 -22.78102757 -2.59272545 -0.69417874 -0.15861427 -0.75777129 -13095.344787792561 0.0
0.0 12673.0091374898 -22.5968324 -2.55618359 -0.15443994 -1.56857478 -0.80007598 -12895.180373368528 0.0
0.0 11910.595540202557 -22.73166317 -2.59514832 -0.10094016 -0.10593509 -1.99110906 -12673.0091374898 0.0
0.0 11587.986407889442 -22.46034407 -2.27345488 -0.89497136 -0.28185159 -1.54617689 -11910.595540202557 0.0
0.0 11540.569588892522 -22.96480912 -2.68309639 -0.58656013 -1.92013993 -0.66147916 -11587.986407889442 0.0
0.0 10938.208492924185 -23.08242695 -2.5301136 -0.95590447 -0.91439908 -1.83701192 -11540.569588892522 0.0
0.0 10561.265971129786 -23.64674517 -2.66712162 -0.18401651 -0.40912104 -0.85876263 -10938.208492924185 0.0
0.0 10352.807497493333 -22.38549636 -2.33974459 -0.4064389 -0.56248144 -0.9246562 -10561.265971129786 0.0
0.0 10260.57432994292 -22.50538627 -2.38052163 -0.53259993 -1.10432126 -1.60331018 -10352.807497493333 0.0
0.0 9819.6120371924 -22.02282831 -2.0152297 -0.12463957 -0.23813214 -0.94113156 -10260.57432994292 0.0
0.0 9802.850142441323 -23.22103285 -2.76194739 -0.36699407 -1.3840718 -0.32654251 -9819.6120371924 0.0
0.0 9676.66406882663 -23.4555941 -2.63917402 -0.93134137 -1.62606149 -0.60015509 -9802.850142441323 0.0
0.0 9304.474080556945 -23.39490562 -2.5896115 -0.81954489 -0.58392884 -1.737482 -9676.66406882663 0.0
0.0 9131.341371822353 -23.42448025 -2.7850867 -0.03388132 -1.07668822 -0.90732687 -9304.474080556945 0.0
0.0 9028.1316013996 -22.62212818 -2.66517922 -0.77597605 -0.50285791 -0.49335738 -9131.341371822353 0.0
0.0 8377.397448115176 -22.28638169 -2.37434122 -0.06918854 -0.77066327 -1.86880739 -9028.1316013996 0.0
0.0 8263.236787154994 -23.3362414 -2.70424108 -0.92456802 -0.19293509 -1.0905914 -8377.397448115176 0.0
0.0 8027.086020922239 -23.71395882 -2.71052889 -0.08027994 -1.55068811 -1.9642668 -8263.236787154994 0.0
0.0 7709.833950250315 -23.92308909 -2.66905212 -0.03408939 -1.31381925 -1.9961947 -8027.086020922239 0.0
0.0 7361.314856222354 -23.9474016 -2.45011674 -0.94374331 -1.5187087 -0.79732532 -7709.833950250315 0.0
0.0 7352.337838182597 -22.64675095 -2.77380328 -0.83741872 -1.91758599 -0.40313021 -7361.314856222354 0.0
0.0 7158.172246823191 -22.74639015 -2.83145999 -0.0246415 -0.83383889 -1.58314087 -7352.337838182597 0.0
0.0 6792.8472812680075 -22.25373191 -2.46847255 -0.26361949 -1.25030229 -0.48567356 -7158.172246823191 0.0
0.0 6311.070992962255 -23.43100068 -2.82814177 -0.0597938 -1.33955567 -0.93979413 -6792.8472812680075 0.0
0.0 6198.195831869436 -22.1731146 -2.23522132 -0.52422708 -1.82035112 -1.53243648 -6311.070992962255 0.0
0.0 6174.16018392628 -22.4787634 -2.45534891 -0.96161957 -1.9752855 -1.46586269 -6198.195831869436 0.0
0.0 6142.286553320684 -22.20581569 -2.42075323 -0.17004196 -0.44876962 -0.8278975 -6174.16018392628 0.0
0.0 5990.481664814031 -22.65462069 -2.76282103 -0.22186801 -0.81269867 -1.80447884 -6142.286553320684 0.0
0.0 5674.6486999768795 -23.60106422 -2.8003985 -0.05629199 -0.89695895 -1.78079143 -5990.481664814031 0.0
0.0 5406.187971234072 -22.43810022 -2.67418074 -0.63925878 -0.6902523 -0.60259347 -5674.6486999768795 0.0
0.0 5390.689452909488 -22.23891515 -2.3907751 -0.47884985 -0.15586738 -0.99665188 -5406.187971234072 0.0
0.0 5313.835289496664 -22.76650879 -2.88792932 -0.07103375 -0.23895118 -1.24122451 -5390.689452909488 0.0
0.0 5268.205896795256 -22.74025258 -2.86006603 -0.57173518 -0.24277651 -0.61786425 -5313.835289496664 0.0
0.0 5165.839854126623 -22.05412518 -2.08708643 -0.7581098 -1.54531709 -1.81224247 -5268.205896795256 0.0
0.0 4850.253524333917 -22.72264337 -2.76982933 -0.90303851 -1.36069998 -0.96518288 -5165.839854126623 0.0
0.0 4769.155722411514 -23.41907923 -2.79504032 -0.94762187 -0.09669516 -1.35525265 -4850.253524333917 0.0
0.0 4686.038655465674 -22.50522338 -2.69749225 -0.61945826 -0.96953925 -1.10096877 -4769.155722411514 0.0
0.0 4644.858915341309 -22.45326657 -2.86447779 -0.4440683 -1.12039371 -0.11544572 -4686.038655465674 0.0
0.0 4498.549504396365 -22.6233902 -2.95443326 -0.13932284 -1.78679469 -0.40069838 -4644.858915341309 0.0
0.0 4419.206007644012 -23.54255665 -2.82523474 -0.95961901 -1.8215975 -0.24552003 -4498.549504396365 0.0
0.0 4376.71675425616 -22.4196332 -2.74128801 -0.22034496 -0.26390874 -0.69268209 -4419.206007644012 0.0
0.0 4329.532134572805 -22.07301656 -2.56683903 -0.21483647 -0.81211489 -0.70169343 -4376.71675425616 0.0
0.0 4325.502483800852 -23.49050403 -2.79328874 -0.93091147 -1.57624945 -0.44808511 -4329.532134572805 0.0
0.0 4256.846115367168 -22.58190227 -2.71942288 -0.7330834 -1.7009744 -1.2299567 -4325.502483800852 0.0
0.0 4222.556556541206 -23.65797003 -2.84155931 -0.09767727 -0.56441197 -0.29502167 -4256.846115367168 0.0
0.0 4174.289108984997 -22.76350435 -2.88675067 -0.37279903 -0.65164105 -0.79954837 -4222.556556541206 0.0
0.0 4096.586220442705 -2.26079191e+01 -2.81944248e+00 -8.71089705e-01 -1.18851979e-02 -1.04968212e+00 -4174.289108984997 0.0
0.0 4089.4443190833304 -22.13610974 -2.61540334 -0.45130488 -1.35010931 -0.0545749 -4096.586220442705 0.0
0.0 4074.165857203621 -22.18840095 -2.51890453 -0.82970188 -1.24331752 -0.64908414 -4089.4443190833304 0.0
0.0 4069.7458617403377 -22.00909119 -2.39470583 -0.22613692 -1.67256366 -0.81172637 -4074.165857203621 0.0
0.0 4005.22572743778 -22.01737132 -2.37782501 -0.03877052 -0.3255855 -1.37376953 -4069.7458617403377 0.0
0.0 3903.2584453260147 -23.45936543 -2.71513674 -0.47440961 -0.83260133 -1.9934973 -4005.22572743778 0.0
0.0 3857.7208715507327 -2.20665026e+01 -2.48608990e+00 -1.76083191e-02 -1.08858045e+00 -1.72523862e+00 -3903.2584453260147 0.0
0.0 3807.8784002245475 -22.15452757 -2.45801395 -0.20578148 -0.10574644 -1.14103762 -3857.7208715507327 0.0
0.0 3755.377622074837 -23.63457833 -2.75537202 -0.90924024 -0.7628959 -0.47614425 -3807.8784002245475 0.0
0.0 3634.4125316179907 -22.16757588 -2.55631857 -0.70563014 -1.21979446 -0.60467407 -3755.377622074837 0.0
0.0 3566.9271476712047 -23.12257021 -2.9467234 -0.10807343 -1.49087524 -0.85714398 -3634.4125316179907 0.0
0.0 3566.8155566940327 -23.88325419 -2.72954615 -0.35787337 -0.02841851 -1.21655211 -3566.9271476712047 0.0
0.0 3438.2977548238287 -22.33301869 -2.63707324 -0.63891115 -1.06783917 -1.2314154 -3566.8155566940327 0.0
0.0 3404.625647075898 -22.31668278 -2.847795 -0.84121442 -0.80986115 -0.08203002 -3438.2977548238287 0.0
0.0 3222.338409996875 -23.31464827 -2.66747076 -0.90629653 -1.0203703 -1.94076152 -3404.625647075898 0.0
0.0 3205.524701180593 -22.2861556 -2.61531784 -0.87545346 -0.1012146 -1.0319887 -3222.338409996875 0.0
0.0 3090.397618575115 -23.92476278 -2.71544075 -0.13765058 -1.80439648 -0.64986367 -3205.524701180593 0.0
0.0 3023.3155483961987 -23.81504045 -2.7879124 -0.08878649 -1.6665442 -1.67467356 -3090.397618575115 0.0
0.0 3006.4004586500578 -22.05818446 -2.44391123 -0.71565096 -0.62798277 -1.10753633 -3023.3155483961987 0.0
0.0 2947.8448402036834 -23.64586144 -2.78970638 -0.21281574 -1.80615011 -1.78616518 -3006.4004586500578 0.0
0.0 2808.5751433015785 -23.43915524 -2.92905119 -0.06952597 -1.26063952 -1.40883614 -2947.8448402036834 0.0
0.0 2730.7318716896266 -22.4521953 -2.91755249 -0.47221117 -0.6180532 -0.68816226 -2808.5751433015785 0.0
0.0 2661.9256515891507 -23.99204274 -2.59288569 -0.72432611 -0.38349903 -0.76471618 -2730.7318716896266 0.0
0.0 2643.2586326023716 -23.56531738 -2.78219191 -0.32983011 -0.83682088 -1.38037019 -2661.9256515891507 0.0
0.0 2616.817615374388 -22.37009333 -2.93285634 -0.15131447 -1.15680157 -0.78564672 -2643.2586326023716 0.0
0.0 2480.4885945747656 -23.38469705 -2.7923787 -0.82600036 -0.98028343 -0.9250561 -2616.817615374388 0.0
0.0 2421.567069882536 -22.28046348 -2.92350224 -0.18236793 -1.40007483 -0.36256732 -2480.4885945747656 0.0
0.0 2389.7883218172437 -22.51224575 -2.97812212 -0.11520663 -0.17255867 -1.77116779 -2421.567069882536 0.0
0.0 2263.586407483504 -22.03192148 -2.71060655 -0.83409468 -0.52195227 -0.10339719 -2389.7883218172437 0.0
0.0 2200.9463810933967 -22.81305164 -2.77440803 -0.96566706 -1.1682032 -1.72006909 -2263.586407483504 0.0
0.0 2195.324033427095 -22.10063673 -2.57598498 -0.61494008 -0.86227112 -1.71020564 -2200.9463810933967 0.0
0.0 2126.8769378888005 -22.8412699 -3.07444496 -0.14173294 -0.41745485 -0.51884179 -2195.324033427095 0.0
0.0 2087.4726787472378 -23.9315417 -2.5772288 -0.58126573 -0.95274698 -0.92789371 -2126.8769378888005 0.0
0.0 2073.67874347253 -22.26721273 -2.80337553 -0.87327136 -1.189766 -0.8526568 -2087.4726787472378 0.0
0.0 2065.3664741175103 -22.23205498 -2.97010707 -0.33732618 -0.50664085 -0.03989917 -2073.67874347253 0.0
0.0 2033.9460474899538 -22.58241128 -3.02673487 -0.15273874 -1.53972318 -1.70706524 -2065.3664741175103 0.0
0.0 2006.8567942559607 -23.73495022 -2.67571662 -0.46831376 -1.14912705 -1.4609857 -2033.9460474899538 0.0
0.0 1873.968764625784 -22.27666775 -2.82851788 -0.60931596 -0.11255199 -0.87335135 -2006.8567942559607 0.0
0.0 1864.1986746960606 -22.20917026 -2.92669227 -0.38825057 -0.1733606 -0.17722109 -1873.968764625784 0.0
0.0 1862.240983009646 -23.81420415 -2.79344704 -0.71605423 -0.73481606 -0.14998518 -1864.1986746960606 0.0
0.0 1857.0139842730782 -22.33500828 -2.86340673 -0.62310647 -0.33142963 -1.46172929 -1862.240983009646 0.0
0.0 1844.7608253597482 -22.83171926 -2.75406016 -0.841644 -1.48620138 -1.99146701 -1857.0139842730782 0.0
0.0 1755.4384857896775 -22.1386303 -2.91158527 -0.36647562 -0.37524813 -0.126302 -1844.7608253597482 0.0
0.0 1677.8000304186644 -2.30770623e+01 -3.09789103e+00 -1.69368737e-01 -9.76350409e-03 -3.59256561e-01 -1755.4384857896775 0.0
0.0 1558.7026695953891 -23.88406665 -2.75503171 -0.61626241 -0.25601436 -0.36208865 -1677.8000304186644 0.0
0.0 1537.2619919648366 -23.99516349 -2.70675064 -0.75731006 -0.09289457 -0.71714733 -1558.7026695953891 0.0
0.0 1454.4162214306482 -23.65099882 -2.85411127 -0.76824443 -0.56978382 -0.3957688 -1537.2619919648366 0.0
0.0 1454.4041805493475 -23.40468723 -2.97045835 -0.44631431 -1.14553963 -0.43649858 -1454.4162214306482 0.0
0.0 1432.3186620317715 -22.34695845 -2.92606946 -0.4919998 -1.77313879 -1.45472499 -1454.4041805493475 0.0
0.0 1386.540581436109 -22.29602705 -3.09672809 -0.17179795 -1.20398166 -0.55618667 -1432.3186620317715 0.0
0.0 1353.8842509555661 -22.21554202 -3.06544779 -0.33429937 -1.06950519 -0.2641357 -1386.540581436109 0.0
0.0 1336.3185472744444 -22.26179164 -2.8989245 -0.71367614 -1.28626553 -1.14789895 -1353.8842509555661 0.0
0.0 1334.7439380561825 -22.55405582 -3.24668708 -0.22806668 -0.49936341 -0.0346756 -1336.3185472744444 0.0
0.0 1300.6245510603576 -22.22689481 -2.99819821 -0.1235848 -0.63609928 -1.5544823 -1334.7439380561825 0.0
0.0 1270.833432691743 -22.85366869 -3.13719516 -0.74946669 -0.07700907 -0.33992044 -1300.6245510603576 0.0
0.0 1266.8419789479099 -23.81778937 -2.79853193 -0.62348497 -1.65152979 -0.22456612 -1270.833432691743 0.0
0.0 1265.6306420706528 -23.33507093 -2.9499988 -0.28106167 -1.83574743 -1.35046613 -1266.8419789479099 0.0
0.0 1234.0656126889826 -22.24609726 -3.01166678 -0.18400855 -0.40500046 -1.16957267 -1265.6306420706528 0.0
0.0 1223.049528963953 -22.20263635 -2.92952746 -0.64593299 -1.40108133 -0.91324645 -1234.0656126889826 0.0
0.0 1193.1388608708087 -23.00851116 -3.15121681 -0.04287321 -1.355919 -0.86889873 -1223.049528963953 0.0
0.0 1150.4077756466859 -22.01385281 -2.82870781 -0.69748056 -0.26990656 -0.52557582 -1193.1388608708087 0.0
0.0 1150.134844508973 -2.38942707e+01 -2.88424370e+00 -1.92681669e-02 -1.44670541e+00 -1.36828581e+00 -1150.4077756466859 0.0
0.0 1114.7689018456394 -23.98250381 -2.79875484 -0.11705563 -1.71590505 -1.73227905 -1150.134844508973 0.0
0.0 1095.0252884135473 -22.1268368 -2.93509318 -0.2675458 -1.2433545 -1.55481989 -1114.7689018456394 0.0
0.0 1045.9006830392316 -23.75906472 -2.77540745 -0.71774279 -0.39111155 -1.64827994 -1095.0252884135473 0.0
0.0 1036.9340487167683 -22.74287549 -2.92535315 -0.84105335 -1.26755347 -1.42287918 -1045.9006830392316 0.0
0.0 1000.1890391352667 -22.53320006 -3.21997604 -0.30852377 -1.54131869 -0.35861917 -1036.9340487167683 0.0
0.0 1000.0 -23.62135616 -3.90422595 -0.11729715 -1.60549683 -1.59503775 -1000.1890391352667 0.0
0.0 1000.0 -23.99720131 -3.37489367 -0.85504651 -0.57035318 -1.25362113 nan 0.0
0.0 1000.0 -23.94021035 -3.70584077 -0.47218167 -0.25702135 -0.21101468 nan 0.0
0.0 1000.0 -23.8318636 -3.58304787 -0.26858136 -0.70964174 -1.57461265 nan 0.0
0.0 1000.0 -23.82453452 -3.57360087 -0.75823369 -1.09143212 -0.8967955 nan 0.0
0.0 1000.0 -23.7672465 -3.84065773 -0.71914103 -0.0654977 -1.36018852 nan 0.0
0.0 1000.0 -23.70851881 -3.75712406 -0.99936494 -1.77387505 -0.72620244 nan 0.0
0.0 1000.0 -23.88452567 -3.80663375 -0.14054069 -0.88333413 -1.88664234 nan 0.0
0.0 1000.0 -23.68101748 -3.91146944 -0.19203672 -1.61120162 -0.17005869 nan 0.0
0.0 1000.0 -23.9795198 -3.47648776 -0.58276678 -0.63072265 -0.24972477 nan 0.0
0.0 1000.0 -2.34606211e+01 -3.99799924e+00 -9.64333649e-01 -7.49265612e-03 -3.63999648e-01 nan 0.0
0.0 1000.0 -23.91723417 -3.87493252 -0.07906928 -1.93741696 -0.61304517 nan 0.0
0.0 1000.0 -23.92422647 -3.97369305 -0.96845776 -0.37727212 -0.74983945 nan 0.0
0.0 987.8143427942478 -22.69291881 -3.02747607 -0.57493281 -1.04841224 -1.14362015 nan 0.0
0.0 987.5741002337232 -22.37523181 -3.25146267 -0.54147898 -1.57396812 -0.16096275 -987.8143427942478 0.0
0.0 975.6936101690476 -2.36054831e+01 -3.02422402e+00 -4.39709401e-03 -1.30528217e+00 -1.04639096e+00 -987.5741002337232 0.0
0.0 968.9936526928286 -22.52325876 -3.06809619 -0.36674933 -1.26753881 -1.69824213 -975.6936101690476 0.0
0.0 965.169831855321 -2.23091772e+01 -3.17926958e+00 -2.14402489e-02 -9.90358290e-01 -1.69106703e+00 -968.9936526928286 0.0
0.0 964.391167970194 -22.6469997 -3.25756803 -0.23761122 -1.11914445 -0.13443441 -965.169831855321 0.0
0.0 934.6256449578107 -23.01837387 -2.99500145 -0.58378608 -0.65708618 -1.96897633 -964.391167970194 0.0
0.0 909.8169664418186 -22.04096296 -2.8775616 -0.79522968 -0.46938811 -0.96713619 -934.6256449578107 0.0
0.0 861.2509296484541 -22.04184608 -2.80714969 -0.73688579 -1.6984951 -1.3589614 -909.8169664418186 0.0
0.0 817.6108119804943 -23.0125285 -3.05086409 -0.56433165 -0.74826337 -0.86552958 -861.2509296484541 0.0
0.0 808.2083904705883 -22.99417806 -3.12377193 -0.82544071 -1.39787288 -0.41064459 -817.6108119804943 0.0
0.0 791.9865782888835 -23.6791047 -2.61426329 -0.80885103 -1.75772107 -1.95892501 -808.2083904705883 0.0
0.0 786.9879307552891 -22.93288021 -2.91495717 -0.91617899 -1.22181305 -1.48470056 -791.9865782888835 0.0
5e-324 737.090542623748 -23.73528041 -2.78950024 -0.62708048 -0.55069652 -1.03693317 -786.9879307552891 0.0
9.961276e-317 720.5678368171043 -23.54198523 -2.7714049 -0.9974929 -1.17943993 -1.19040721 -737.090542623748 0.0
1.4047840098978e-310 706.4045713867733 -22.25256924 -3.32095828 -0.56663507 -1.65357535 -0.03481766 -720.5678368171043 0.0
7.301141364620777e-309 702.4691963878298 -22.07888154 -3.06256988 -0.73534798 -0.59582618 -0.62291815 -706.4045713867733 0.0
3.8973570007215893e-302 686.9554910071058 -22.40566104 -3.24320415 -0.76402366 -1.58352839 -0.46246634 -702.4691963878298 0.0
1.2140345123395593e-301 686.2005525053391 -22.55201514 -3.04868736 -0.85738016 -0.8615848 -1.84342831 -686.9554910071058 0.0
6.067329306073114e-299 679.5984882502532 -22.99574299 -2.96518716 -0.64739842 -1.39994506 -1.45154862 -686.2005525053391 0.0
3.5199307653995415e-297 675.5497404064005 -23.55737556 -2.90456656 -0.57774577 -1.67521403 -0.63575797 -679.5984882502532 0.0
1.6698298358850605e-290 660.1560787341602 -22.72120896 -3.13790552 -0.31271676 -1.22745932 -1.40540344 -675.5497404064005 0.0
1.870133546363989e-288 655.4425613439477 -23.12783197 -3.07098308 -0.28861546 -1.70244609 -1.68421821 -660.1560787341602 0.0
4.145233032689952e-287 652.3766600254962 -22.87775945 -2.95397548 -0.67441444 -1.64611098 -1.71461337 -655.4425613439477 0.0
1.113665841083984e-286 651.7761251324114 -23.0984559 -2.9377559 -0.8339247 -0.95854058 -1.79286614 -652.3766600254962 0.0
2.652134109019318e-280 636.6516168693765 -22.33569899 -2.96547958 -0.93426061 -1.57362205 -1.77578454 -651.7761251324114 0.0
2.059835761022234e-268 609.2693418501821 -23.05823938 -3.19236004 -0.5889087 -0.04112889 -0.41011309 -636.6516168693765 0.0
9.50228709087694e-266 603.1334348029798 -22.40354186 -3.16201696 -0.66393333 -0.82700485 -0.99498875 -609.2693418501821 0.0
6.00404313478865e-265 601.4549327241375 -22.30687556 -3.24314686 -0.52689697 -1.53085584 -0.58695652 -603.1334348029798 0.0
9.184709161572252e-258 584.7366011095976 -22.00170005 -3.03353279 -0.27661885 -1.0733428 -1.53496018 -601.4549327241375 0.0
3.6485823036938526e-255 578.7505655815721 -22.2391435 -3.17449861 -0.64958218 -1.84913539 -0.83738282 -584.7366011095976 0.0
9.054034290531206e-253 573.2340328683625 -22.69586168 -3.22697606 -0.39294329 -0.13500733 -1.25712865 -578.7505655815721 0.0
1.5584320856439729e-242 549.6571233142085 -23.25707146 -3.16731905 -0.69601335 -1.49779742 -0.18383612 -573.2340328683625 0.0
6.926754277763004e-241 545.8814990947589 -22.80513711 -3.10083321 -0.73629883 -0.55996528 -1.77689847 -549.6571233142085 0.0
1.3879242061605945e-224 508.31847858616936 -22.05149143 -3.01322504 -0.7122067 -1.02941748 -1.59973689 -545.8814990947589 0.0
3.9065221383405984e-213 481.9512122965588 -22.22760811 -3.42021474 -0.04535738 -1.63803901 -0.114562 -508.31847858616936 0.0
1.188197470581952e-210 476.232955114224 -22.94812212 -3.19608013 -0.38788929 -0.1671048 -1.38227973 -481.9512122965588 0.0
2.6331785624508586e-203 459.3118331730392 -23.33050742 -2.99137521 -0.65157315 -1.97442013 -0.87959073 -476.232955114224 0.0
2.8364810896219633e-200 452.32663834732875 -22.1129905 -3.2401013 -0.31293053 -0.10710517 -0.5360004 -459.3118331730392 0.0
4.545473923703282e-199 449.6116763434633 -22.1801525 -3.31982314 -0.17488166 -1.39200655 -0.6402231 -452.32663834732875 0.0
2.4188880438039557e-195 440.9642356274747 -23.40352437 -3.08917452 -0.53724924 -0.16038485 -0.69100003 -449.6116763434633 0.0
5.341012313019814e-183 412.53693967187604 -22.40728831 -3.25943824 -0.24624495 -1.33070047 -1.70878145 -440.9642356274747 0.0
1.2819995918094546e-178 402.4470578487253 -22.75220276 -3.30266559 -0.75434814 -0.77997691 -0.19533283 -412.53693967187604 0.0
7.180289751668033e-177 398.43546310576784 -22.54675 -3.21136289 -0.94137128 -0.42865929 -1.79046142 -402.4470578487253 0.0
1.722815416392643e-173 390.63097587960476 -23.05916895 -3.03553099 -0.58107999 -1.13272288 -1.53839171 -398.43546310576784 0.0
1.6537667721343265e-170 383.760762723447 -22.74117872 -3.29505716 -0.86768243 -0.75182958 -0.253324 -390.63097587960476 0.0
8.371284527003376e-167 375.22642252415756 -22.53950259 -3.28064631 -0.88002211 -1.52908285 -0.50894859 -383.760762723447 0.0
1.0803253375663914e-154 347.3361728199037 -22.03810863 -3.15345755 -0.71517793 -0.69955344 -1.58700039 -375.22642252415756 0.0
3.835109983553039e-152 341.46288438858045 -22.29368056 -3.38760495 -0.04218646 -1.80257146 -1.53962376 -347.3361728199037 0.0
1.4370554379214582e-130 291.780812594485 -22.98426601 -3.33657258 -0.55079586 -1.40642233 -0.05196444 -341.46288438858045 0.0
1.3729605278549197e-129 289.6299577367575 -22.14996957 -3.3183309 -0.41520965 -1.77836812 -0.8830568 -291.780812594485 0.0
3.023344264961237e-127 284.1253656626107 -23.78435045 -2.91317892 -0.98641038 -1.7539401 -0.14822996 -289.6299577367575 0.0
2.0929244707947784e-124 277.57879379973525 -22.29761099 -3.20128202 -0.5475064 -1.84828683 -1.58273687 -284.1253656626107 0.0
5.038060339896924e-123 274.4345191886456 -22.83140347 -3.20542998 -0.48450034 -1.76241207 -0.86103185 -277.57879379973525 0.0
2.698544619349391e-120 268.10666942258 -22.02169756 -3.28328222 -0.50859442 -0.37353205 -0.94823196 -274.4345191886456 0.0
2.1454982013904403e-116 259.12001862355226 -23.77922755 -3.0059513 -0.10855728 -1.08783586 -1.78527702 -268.10666942258 0.0
4.814237846316201e-115 256.0505081293854 -23.33235312 -3.05645314 -0.37772103 -1.09565452 -1.58957365 -259.12001862355226 0.0
2.1915845028077064e-111 247.57794014855875 -22.02608356 -3.1437875 -0.64305481 -1.64959298 -1.84445692 -256.0505081293854 0.0
2.723597657958074e-109 242.75928515552843 -23.22806082 -3.02649415 -0.50985915 -1.66251377 -1.8648773 -247.57794014855875 0.0
1.0439915061555757e-106 236.80097592585014 -22.2407331 -3.31214615 -0.58767369 -1.03093811 -0.99847947 -242.75928515552843 0.0
3.419712161938008e-106 235.9692786595066 -22.10548714 -3.40803239 -0.09381867 -0.20233823 -1.13575451 -236.80097592585014 0.0
8.52836147114422e-106 235.01614985421514 -22.49619895 -3.36836025 -0.37889878 -0.35718608 -0.64994977 -235.9692786595066 0.0
3.4482943071051884e-104 231.00435946694316 -22.07195981 -3.25461877 -0.91165674 -0.72846749 -1.93763787 -235.01614985421514 0.0
5.93184100346019e-100 221.2296899439871 -22.17478017 -3.45057119 -0.71482125 -0.62456782 -0.39817538 -231.00435946694316 0.0
3.56248638947188e-97 214.8294213998446 -22.34052844 -3.40871831 -0.33430541 -1.90792563 -0.58402991 -221.2296899439871 0.0
4.303775246275147e-96 212.41804558971876 -22.43087981 -3.41848371 -0.43934124 -0.10935364 -0.62536864 -214.8294213998446 0.0
3.427297669667387e-90 198.74036974695736 -22.03025393 -3.37039179 -0.34647307 -0.38468321 -1.18081086 -212.41804558971876 0.0
1.131528239845498e-84 186.0290719923696 -22.89341868 -3.21166342 -0.46192979 -1.54478038 -1.04803422 -198.74036974695736 0.0
1.8114314190491526e-82 180.95559966689893 -23.07174689 -3.20793892 -0.70072395 -0.45726359 -0.89529903 -186.0290719923696 0.0
6.142801486954525e-78 170.5138918012402 -23.31620747 -3.97530523 -0.94030673 -1.51239514 -1.41289829 -180.95559966689893 0.0
1.5976113766174301e-77 170.03687182309116 -23.88128922 -2.8581997 -0.98279051 -1.23846625 -0.19946711 -170.5138918012402 0.0
1.064159463991139e-76 167.75060913098082 -23.33402528 -3.96955767 -0.89587063 -0.17340842 -1.44694571 -170.03687182309116 0.0
1.9892989650427277e-76 167.68518505883458 -23.31459463 -3.22527827 -0.21644346 -0.15735917 -1.99162075 -167.75060913098082 0.0
2.6432221434817207e-76 167.22549294023963 -23.38412394 -3.93473602 -0.72541093 -0.59239975 -0.53407565 -167.68518505883458 0.0
3.238131120600111e-76 167.21884622077403 -23.13050301 -3.95702603 -0.91563758 -1.02761757 -0.83383015 -167.22549294023963 0.0
1.1221523265746042e-75 165.43788849934828 -23.70330582 -3.61340609 -0.94139707 -1.35936172 -1.19883622 -167.21884622077403 0.0
2.520071619624731e-75 164.94648978926676 -23.59007542 -3.68476548 -0.89482329 -0.90315193 -1.58398561 -165.43788849934828 0.0
6.222161342161606e-75 163.84939687235973 -23.39184751 -3.75242796 -0.89160039 -1.29672521 -1.14979672 -164.94648978926676 0.0
1.6410656907616163e-74 162.92038251845239 -23.66126009 -3.60321061 -0.91238962 -0.79875027 -1.48518458 -163.84939687235973 0.0
2.6250758823991114e-74 162.70502995118983 -23.47168689 -3.71982206 -0.83485698 -1.70261066 -1.60976454 -162.92038251845239 0.0
8.685348788519659e-74 161.09557148521586 -22.84003883 -3.33528854 -0.83604238 -1.69467412 -0.37888449 -162.70502995118983 0.0
3.5944683748655275e-73 159.71275849255466 -23.71360507 -3.55091969 -0.86425727 -0.69530806 -0.85472742 -161.09557148521586 0.0
1.9995846237051267e-72 157.9232730744278 -23.88853393 -3.38402081 -0.96781349 -1.24157927 -0.32008053 -159.71275849255466 0.0
4.861808931109622e-72 157.3086729102707 -22.91852667 -3.97433445 -0.89502732 -0.51416248 -0.92374491 -157.9232730744278 0.0
1.1002567947721746e-71 156.39198180767482 -23.26396278 -3.89011821 -0.51850801 -0.66971211 -0.71755761 -157.3086729102707 0.0
2.1580021193890815e-71 155.82861566291788 -23.50433943 -3.61149976 -0.81385768 -1.77450876 -1.80868912 -156.39198180767482 0.0
7.832459951175663e-71 154.2771219784972 -23.25658079 -3.91451916 -0.42214063 -1.23406524 -1.06697615 -155.82861566291788 0.0
1.843350540672948e-70 153.65457980311925 -23.35562406 -3.81701077 -0.68762534 -0.06908941 -0.6551872 -154.2771219784972 0.0
3.414247582380568e-70 153.0353860612189 -23.15918402 -3.82734682 -0.68153473 -0.73542406 -1.6270507 -153.65457980311925 0.0
6.341820791402183e-70 152.41003458174768 -22.7638264 -3.95877807 -0.8498258 -0.95548414 -0.96094947 -153.0353860612189 0.0
2.5587733340660234e-69 150.75783815745535 -23.19319569 -3.82698961 -0.62351613 -0.59213789 -0.41065544 -152.41003458174768 0.0
4.4995194940995064e-69 150.65905971160416 -22.18924778 -3.44481687 -0.39526519 -0.43739064 -1.00225159 -150.75783815745535 0.0
5.2105598451815e-69 150.46352562877067 -22.19562615 -3.48358172 -0.31110019 -0.18846681 -0.94386464 -150.65905971160416 0.0
6.758208821528674e-69 150.14642489699355 -23.42160526 -3.87882785 -0.26102253 -0.42574421 -0.24418853 -150.46352562877067 0.0
8.791057163852874e-69 149.9176139742494 -23.35522732 -3.7320412 -0.90423623 -0.19087012 -0.31611496 -150.14642489699355 0.0
9.864059029245784e-69 149.89518095151226 -23.89977736 -2.97163037 -0.21314872 -0.07274803 -0.60157136 -149.9176139742494 0.0
1.5810070496067944e-68 149.11461092917557 -23.6023032 -3.48232017 -0.87281374 -1.81424382 -0.37233598 -149.89518095151226 0.0
2.330778148775083e-68 148.96770178493256 -23.65645508 -3.6211307 -0.52698586 -0.5211732 -1.88930136 -149.11461092917557 0.0
2.8953264295556243e-68 148.68706919118134 -23.11358844 -3.86876268 -0.6175132 -1.0161833 -0.10375912 -148.96770178493256 0.0
3.4232489378641743e-68 148.60672237608637 -23.06621034 -3.76706445 -0.81839446 -1.03041816 -0.88829083 -148.68706919118134 0.0
3.73637865735698e-68 148.50500366562338 -23.8595503 -2.9111371 -0.32805719 -1.94606373 -0.33860248 -148.60672237608637 0.0
4.460742313264212e-68 148.25708309161996 -22.30063566 -3.41540323 -0.25202252 -1.8056205 -1.24781857 -148.50500366562338 0.0
1.3425261409280464e-67 146.78006268891824 -23.67657777 -3.40682611 -0.8726288 -1.67692181 -1.25670863 -148.25708309161996 0.0
5.207855686686849e-67 145.4493125254078 -23.33545257 -3.64083327 -0.72343727 -1.05589431 -1.17158384 -146.78006268891824 0.0
2.446369557686298e-66 143.8473714920767 -23.43766882 -3.79705657 -0.30097511 -0.44813855 -0.73460794 -145.4493125254078 0.0
4.200993914366281e-66 143.77829259248006 -23.20946165 -3.97907841 -0.15129573 -1.43413385 -0.46847694 -143.8473714920767 0.0
9.2772204809998e-66 142.5885132315049 -23.11654766 -3.20198648 -0.96344739 -1.31674215 -0.69408724 -143.77829259248006 0.0
1.4974799812429013e-65 142.48079421242372 -23.23444326 -3.74124765 -0.56970322 -1.948912 -0.77496486 -142.5885132315049 0.0
2.8426913630627365e-65 141.51869365638032 -23.8772288 -3.35523812 -0.7111877 -1.07589454 -1.35650346 -142.48079421242372 0.0
6.286401365545452e-65 140.7918148525487 -23.44064056 -3.53061159 -0.95687248 -0.71503415 -0.33337018 -141.51869365638032 0.0
4.4729614944547626e-64 138.53034742898143 -23.1205818 -3.76037376 -0.60736336 -0.80067317 -1.49269602 -140.7918148525487 0.0
1.8943195247529695e-63 137.22335827229122 -22.08615229 -3.4431943 -0.79852747 -0.29450697 -1.53031397 -138.53034742898143 0.0
3.2038488466244046e-63 137.07700113419207 -23.5184065 -3.61354677 -0.48394606 -1.50827504 -1.5261396 -137.22335827229122 0.0
3.5811218886396794e-63 136.98929961966633 -23.35021648 -3.68237319 -0.55217498 -1.62942385 -0.06217061 -137.07700113419207 0.0
3.8418820387972795e-63 136.92747768880292 -23.82215094 -3.38350332 -0.64491188 -1.78700059 -1.23332453 -136.98929961966633 0.0
4.4719269856870834e-63 136.6906368835092 -22.81017407 -3.41550209 -0.05321422 -1.17094292 -1.00403998 -136.92747768880292 0.0
7.766328298558271e-63 135.939427925806 -23.23783061 -3.61750861 -0.73838984 -1.56647366 -0.80817822 -136.6906368835092 0.0
1.0958319940863717e-62 135.8578326666378 -23.58563505 -3.40925243 -0.80214439 -1.46937059 -1.32769376 -135.939427925806 0.0
1.4882675001591296e-62 135.37524794401213 -22.49683923 -3.38789353 -0.99428288 -1.81831988 -0.52079263 -135.8578326666378 0.0
2.0669636223812255e-62 135.14811653094074 -23.76253081 -3.40635216 -0.65970912 -0.76582833 -0.15660542 -135.37524794401213 0.0
2.797448902782084e-62 134.78239354738733 -23.19633647 -3.92552302 -0.15596048 -0.28319542 -0.28626018 -135.14811653094074 0.0
4.135571594727517e-62 134.36772629310582 -23.18578868 -3.61866797 -0.77758081 -1.75507786 -0.83903864 -134.78239354738733 0.0
7.709466799516849e-61 130.96387510843007 -23.70729809 -3.31458257 -0.87073901 -1.18768466 -0.421688 -134.36772629310582 0.0
4.6048328875356035e-60 129.31594442962336 -22.60267623 -3.97785784 -0.60469681 -0.74775605 -1.37740701 -130.96387510843007 0.0
1.0682021605871839e-59 128.74088559574696 -23.07499548 -3.91187828 -0.29740794 -0.0530794 -1.1007967 -129.31594442962336 0.0
2.1627783964119265e-59 127.96312991394764 -23.70082071 -3.61091607 -0.22067714 -0.66753952 -0.12570954 -128.74088559574696 0.0
2.9940836853642115e-59 127.93504819208098 -23.4390145 -3.23138254 -0.03822351 -1.68671298 -1.55873322 -127.96312991394764 0.0
6.164419342657728e-59 126.81110476078395 -22.05853768 -3.64077938 -0.59246136 -1.57827773 -0.0291874 -127.93504819208098 0.0
1.1563921052638398e-58 126.40863056022093 -22.16837517 -3.56695219 -0.02295174 -1.88155163 -0.95068672 -126.81110476078395 0.0
1.9708004117745925e-58 125.79062567179848 -22.40348744 -3.27605622 -0.5255965 -1.57331123 -1.98042758 -126.40863056022093 0.0
3.0030611234803006e-58 125.48719144204343 -23.05891217 -3.80496947 -0.46677068 -0.42851839 -0.99582524 -125.79062567179848 0.0
3.962973850624804e-58 125.22245640078367 -22.53597546 -3.41759549 -0.3447956 -1.36581149 -0.54091826 -125.48719144204343 0.0
5.217846525945223e-58 124.9325021924895 -23.01481336 -3.82756749 -0.40881646 -0.82520766 -1.6545781 -125.22245640078367 0.0
5.965002254903232e-58 124.92588883071396 -23.06117515 -3.17486201 -0.6877969 -0.6420302 -1.69275114 -124.9325021924895 0.0
8.190550582282597e-58 124.36735948459321 -23.79753558 -3.2389147 -0.88088272 -0.68317096 -0.88704783 -124.92588883071396 0.0
1.1800064777806629e-57 124.12527672388929 -23.63540923 -2.82991266 -0.89737941 -1.10035958 -1.15704262 -124.36735948459321 0.0
1.453009451678582e-57 123.93734295175464 -22.61845674 -3.83471488 -0.76915489 -1.31392396 -1.63377443 -124.12527672388929 0.0
2.0498261085798544e-57 123.47354227885302 -22.75806116 -3.97855047 -0.92904626 -0.12915832 -0.79293367 -123.93734295175464 0.0
2.5185407733737875e-57 123.46422861346626 -23.86327328 -3.14403615 -0.94932731 -1.03310802 -1.36134453 -123.47354227885302 0.0
5.796493028343173e-57 122.18328158465326 -22.507626 -3.98776044 -0.93733849 -1.76986908 -0.67069053 -123.46422861346626 0.0
1.259476132124698e-56 121.60247239751864 -22.20220631 -3.52691478 -0.27114563 -0.1120501 -1.94643632 -122.18328158465326 0.0
1.8812134491900153e-56 121.31086380013846 -22.70591657 -3.90687289 -0.59220655 -1.96447687 -0.6271446 -121.60247239751864 0.0
4.663186719522999e-56 120.10250977656521 -23.70474961 -3.38847303 -0.57076145 -1.14726353 -0.57505443 -121.31086380013846 0.0
1.8547325499578064e-55 118.67075078328843 -23.4157792 -3.79092689 -0.04604614 -0.92767489 -0.49444821 -120.10250977656521 0.0
4.998268329405423e-55 117.81548427669134 -22.44349634 -3.93674379 -0.62675842 -1.92402576 -1.78456022 -118.67075078328843 0.0
8.591635663067458e-55 117.43735233355936 -22.71080753 -3.9893087 -0.66419522 -0.13819954 -1.64087365 -117.81548427669134 0.0
1.2832960370752685e-54 117.0139883061712 -23.63639317 -3.50384164 -0.38529363 -0.98406085 -1.99205264 -117.43735233355936 0.0
1.707592389898362e-54 116.8227167644069 -23.69490588 -3.57745262 -0.18818822 -1.91534267 -0.98948047 -117.0139883061712 0.0
4.008376289021547e-54 115.6278088240376 -23.98621594 -3.11296635 -0.81162579 -1.67461239 -0.55361757 -116.8227167644069 0.0
9.856755119070877e-54 114.83197748221818 -23.70072053 -3.28166615 -0.82770239 -1.1548784 -0.30660573 -115.6278088240376 0.0
2.3167475807897513e-53 113.94631850200886 -23.54434515 -3.49759623 -0.66894324 -0.10609684 -1.45294599 -114.83197748221818 0.0
3.90092387716495e-53 113.61861761890252 -23.36965908 -3.50906576 -0.63780572 -0.67684865 -0.87997827 -113.94631850200886 0.0
1.13050184833419e-52 112.2307634776177 -23.72692368 -3.43715977 -0.3908142 -1.45803392 -1.73288497 -113.61861761890252 0.0
2.6345331884652094e-52 111.57648534991421 -23.60260056 -3.55074939 -0.28075282 -1.40598382 -1.49629263 -112.2307634776177 0.0
4.450244744951988e-52 111.12061917686972 -22.0159243 -3.61302769 -0.48363738 -1.1201265 -0.27744268 -111.57648534991421 0.0
8.694275623625975e-52 110.32995758606383 -23.62476466 -3.40707827 -0.52750347 -1.41530166 -1.34155177 -111.12061917686972 0.0
3.187510435905779e-51 108.85970665424284 -22.45390718 -3.98133207 -0.96825222 -0.50396856 -1.21974664 -110.32995758606383 0.0
7.502577605326161e-51 108.21450531639347 -22.98566257 -3.92270773 -0.10465894 -0.67851401 -0.06118572 -108.85970665424284 0.0
1.1257086278789976e-50 107.95472929999893 -23.49201801 -3.13563655 -0.20173976 -1.74376361 -1.42189993 -108.21450531639347 0.0
1.4538115444680545e-50 107.69496739145406 -22.98163231 -3.78769968 -0.48496416 -0.31073946 -1.81660065 -107.95472929999893 0.0
1.6591129776566906e-50 107.6659452742614 -23.70337977 -3.43224084 -0.38619302 -0.8792126 -0.66116667 -107.69496739145406 0.0
2.572056978722188e-50 106.93916987904362 -22.41855309 -3.50253825 -0.40091785 -0.02726554 -1.07864771 -107.6659452742614 0.0
3.8317318259764523e-50 106.74127160240126 -23.60620249 -2.91503705 -0.65417889 -0.82025618 -1.24247201 -106.93916987904362 0.0
4.977486543785885e-50 106.4233563181472 -22.68083287 -3.98497775 -0.23174663 -1.53418729 -0.68700978 -106.74127160240126 0.0
6.814700459751301e-50 106.10503714967798 -2.33887473e+01 -3.76883730e+00 -1.27436188e-02 -8.59720621e-01 -6.14045773e-01 -106.4233563181472 0.0
9.245233061908743e-50 105.80283933896972 -23.98987098 -2.6142421 -0.7978995 -1.51467641 -1.78363664 -106.10503714967798 0.0
1.447538699073077e-49 105.25242658142625 -23.45668365 -3.12374938 -0.826447 -1.17910188 -0.34472746 -105.80283933896972 0.0
1.880977113859444e-49 105.19696926800049 -22.82594959 -3.06104256 -0.84962218 -1.8147744 -1.99232957 -105.25242658142625 0.0
3.4206440657095672e-49 104.25964433508358 -23.65097194 -3.31898489 -0.63346156 -1.04210588 -1.17439912 -105.19696926800049 0.0
1.9920080375635833e-48 102.29437762102741 -23.01113834 -3.6451493 -0.57405976 -1.97422056 -1.93648274 -104.25964433508358 0.0
3.888342055809266e-48 102.0838085917342 -23.52098656 -3.53030338 -0.37285325 -0.2232862 -0.21859929 -102.29437762102741 0.0
4.3922906923744494e-48 102.03225741784686 -22.47429318 -3.43146876 -0.22136328 -1.09128454 -1.4818275 -102.0838085917342 0.0
4.732279384141421e-48 101.92872651393678 -2.32984273e+01 -3.79170968e+00 -2.21547161e-02 -1.03364335e+00 -1.71446594e+00 -102.03225741784686 0.0
5.3063975050233295e-48 101.79692247860577 -22.32453957 -3.32405872 -0.82758254 -1.47344334 -1.16999665 -101.92872651393678 0.0
8.483626022594077e-48 101.09775186626456 -23.79252738 -3.27895061 -0.56923925 -0.63672564 -0.9064489 -101.79692247860577 0.0
1.4267414228597869e-47 100.67401532532139 -22.94917528 -3.26995561 -0.61704891 -0.43081944 -1.69706284 -101.09775186626456 0.0
2.5937567664287963e-47 99.97090817438013 -23.27268358 -3.50390238 -0.68347243 -0.68428336 -0.75056291 -100.67401532532139 0.0
5.77227299060175e-47 99.12056318224145 -22.05551667 -3.55579021 -0.23187455 -0.38371275 -1.27412379 -99.97090817438013 0.0
1.0364581956600843e-46 98.66756261917294 -23.84636768 -3.25844051 -0.52652219 -1.74261948 -1.50504911 -99.12056318224145 0.0
2.1165118413184994e-46 97.81161740898109 -23.35415018 -3.62766292 -0.26098482 -1.90793584 -1.83369713 -98.66756261917294 0.0
1.1500488605900196e-45 95.89862215133147 -23.96161482 -2.93220598 -0.22569538 -0.33854524 -1.20956357 -97.81161740898109 0.0
2.1956862386189505e-45 95.71642827501654 -22.78951486 -3.19467106 -0.92621755 -1.00342301 -1.33757145 -95.89862215133147 0.0
3.828206490996217e-45 94.92370200320471 -22.40762165 -3.94558839 -0.95309375 -0.52087012 -1.80258435 -95.71642827501654 0.0
6.018300276138258e-45 94.66691274677716 -22.90074139 -3.30893046 -0.31295761 -0.68832247 -1.72116698 -94.92370200320471 0.0
5.068759282911841e-44 92.02807966341263 -22.59330983 -3.91625067 -0.60837522 -0.34823636 -1.15978314 -94.66691274677716 0.0
9.800874582780767e-44 91.9511041684205 -23.90544827 -3.04134941 -0.87808698 -1.38865824 -0.68972572 -92.02807966341263 0.0
1.0605820741317413e-43 91.86270494541172 -23.84258442 -3.12456276 -0.74464575 -1.54377714 -1.084442 -91.9511041684205 0.0
1.2104601335513289e-43 91.68471175818283 -2.23022496e+01 -3.59177363e+00 -2.81091759e-03 -1.44533892e+00 -1.48577333e+00 -91.86270494541172 0.0
1.3316586341159878e-43 91.65616526999781 -22.76697934 -3.7981589 -0.45705017 -0.72033049 -1.54344646 -91.68471175818283 0.0
1.4230134595600511e-43 91.54680916010662 -23.53921041 -3.11083774 -0.37163844 -0.46396063 -0.39816485 -91.65616526999781 0.0
1.6518515290314505e-43 91.35603766378611 -2.35723611e+01 -3.13996897e+00 -5.50131549e-01 -1.91225982e+00 -1.49620580e-02 -91.54680916010662 0.0
4.1715754682599615e-43 90.06663167911762 -22.14665359 -3.63542121 -0.48888535 -0.96142315 -0.19425962 -91.35603766378611 0.0
7.028606559347116e-43 89.92032563094355 -23.13169741 -3.5827168 -0.65348407 -0.49435685 -0.98323469 -90.06663167911762 0.0
3.154922267097576e-42 87.91885896937377 -22.98171461 -3.85418214 -0.09380069 -1.09960684 -0.21164762 -89.92032563094355 0.0
6.486324202290094e-42 87.62387404153284 -22.44414837 -3.98572736 -0.56887177 -0.31883733 -0.94773708 -87.91885896937377 0.0
1.5487735205147957e-41 86.46630183786786 -23.01614761 -3.26828609 -0.36596448 -0.85678253 -1.08400327 -87.62387404153284 0.0
2.681947073284293e-41 86.2155955996137 -22.76214403 -3.39359276 -0.38283164 -0.19422689 -1.14483445 -86.46630183786786 0.0
4.887811008040554e-41 85.40297754839307 -22.88854952 -3.38138259 -0.14839924 -1.46525924 -1.95075835 -86.2155955996137 0.0
6.995134560751915e-41 85.3312227050611 -22.37682839 -3.93627641 -0.41434747 -1.18517781 -1.44808329 -85.40297754839307 0.0
1.4359090036006941e-40 84.23957752471563 -22.09676138 -3.58265808 -0.50744654 -0.18193202 -1.15703454 -85.3312227050611 0.0
2.1622295467982117e-40 84.22043902884204 -22.08892108 -3.35519675 -0.78720258 -1.79121999 -1.54860052 -84.23957752471563 0.0
2.336786251209516e-40 84.08107983256431 -22.54386028 -3.9490995 -0.27267756 -0.62182024 -1.95931951 -84.22043902884204 0.0
3.250594277682973e-40 83.60387917690664 -22.31321897 -3.21405288 -0.96684004 -1.90131045 -1.75869179 -84.08107983256431 0.0
5.494804398653244e-40 83.04410291714463 -23.39736779 -3.52455908 -0.32943768 -0.95925729 -1.97446261 -83.60387917690664 0.0
7.260930028838321e-40 82.96280183504896 -22.40597415 -3.52784021 -0.26719809 -0.14822516 -0.7940755 -83.04410291714463 0.0
9.114825646605561e-40 82.61054099678158 -22.78536227 -3.4159052 -0.34798843 -0.07660478 -1.11158442 -82.96280183504896 0.0
1.7480103689899175e-39 81.78671399244385 -23.16261978 -3.46826205 -0.936768 -1.07068462 -0.65190482 -82.61054099678158 0.0
2.4783925696676344e-39 81.73976294640981 -22.00991276 -3.99502851 -0.57594661 -0.72035422 -1.60597425 -81.78671399244385 0.0
3.0579030156124825e-39 81.38861042976093 -22.73624804 -3.4961992 -0.03543553 -1.27551257 -0.5178437 -81.73976294640981 0.0
3.5820979239640595e-39 81.38467435079184 -23.92576158 -3.20106526 -0.46520856 -0.60927978 -1.82399108 -81.38861042976093 0.0
3.7296862175325054e-39 81.3015965674295 -22.79408712 -3.83347064 -0.41726074 -0.23436568 -1.69543382 -81.38467435079184 0.0
4.171012586978755e-39 81.15655083328315 -23.3586794 -3.16393768 -0.28808761 -1.02776601 -1.59590229 -81.3015965674295 0.0
5.158892917260851e-39 80.88201484236934 -22.05660694 -3.58111732 -0.50655978 -0.29058589 -1.0874803 -81.15655083328315 0.0
5.912051871880515e-39 80.85739281892906 -2.29985124e+01 -3.87029735e+00 -1.97550950e-03 -1.11113478e+00 -1.73845490e+00 -80.88201484236934 0.0
6.476758446942365e-39 80.69778665077995 -23.35559728 -3.48613628 -0.50872797 -0.39462211 -1.04024069 -80.85739281892906 0.0
7.81802005980302e-39 80.47861023115559 -22.03858179 -3.95455869 -0.48580345 -1.64281313 -1.76155435 -80.69778665077995 0.0
9.060572830191116e-39 80.38500467275591 -22.25346418 -3.85972111 -0.76517324 -1.25834558 -1.41217353 -80.47861023115559 0.0
1.271921853314361e-38 79.85857059559491 -22.70362509 -3.68207383 -0.62591612 -1.45857215 -1.77155197 -80.38500467275591 0.0
2.2255111659600457e-38 79.27388248394516 -22.61746226 -3.93180981 -0.54081657 -0.41115837 -0.2422592 -79.85857059559491 0.0
3.156824397408972e-38 79.07684245652396 -22.95842285 -3.42936169 -0.03298045 -1.14610745 -0.83688889 -79.27388248394516 0.0
3.9162971558330896e-38 78.83914031671367 -22.99467136 -3.37528826 -0.46314283 -0.10157667 -0.60657999 -79.07684245652396 0.0
5.769702314843756e-38 78.34117938124086 -22.03136694 -3.84685313 -0.79631736 -1.33301251 -1.8359464 -78.83914031671367 0.0
9.483758160721865e-38 77.83841354292039 -23.32128633 -3.60045551 -0.26949432 -0.21336324 -0.22457736 -78.34117938124086 0.0
1.2261592150302467e-37 77.75847154548534 -23.98271408 -3.08121933 -0.71210035 -0.37673054 -0.66243202 -77.83841354292039 0.0
1.429598842974511e-37 77.53434937482392 -22.38736719 -3.20080579 -0.92171336 -1.58185708 -1.83829211 -77.75847154548534 0.0
1.5992328703706093e-37 77.51380120056659 -22.2790912 -3.48655329 -0.65143682 -1.65035893 -0.66152953 -77.53434937482392 0.0
2.4247183956617562e-37 76.81391617461153 -23.38596901 -3.40160362 -0.55323205 -0.91812814 -1.30135097 -77.51380120056659 0.0
3.7697488404447664e-37 76.52411520593284 -22.1780919 -3.92133106 -0.66141791 -0.88256954 -1.32708745 -76.81391617461153 0.0
1.2124710808130066e-36 74.98812055665883 -22.65961757 -3.42926084 -0.80650624 -0.17936207 -0.64426291 -76.52411520593284 0.0
2.058185794853937e-36 74.91939690166056 -22.68890982 -3.48694192 -0.05246385 -1.75450009 -1.61151685 -74.98812055665883 0.0
2.183450910941544e-36 74.86162684176196 -23.91099126 -3.0127081 -0.83206729 -1.61425383 -0.63093707 -74.91939690166056 0.0
7.099951749872761e-36 73.18524502270336 -22.3774163 -3.48825469 -0.36085556 -1.78833252 -0.65427545 -74.86162684176196 0.0
1.415830569308889e-35 72.86561899437116 -23.36896331 -3.39780655 -0.54294122 -1.77866699 -1.83709411 -73.18524502270336 0.0
1.8760358764905577e-35 72.60577228307706 -23.43766965 -3.59877194 -0.08615198 -1.81226356 -1.4176733 -72.86561899437116 0.0
2.525892824500034e-35 72.27342279515696 -2.35061306e+01 -3.60732112e+00 -5.95850732e-03 -4.78099202e-01 -1.91841828e+00 -72.60577228307706 0.0
2.9561947355468075e-35 72.25576176340454 -22.5081957 -3.84711559 -0.39779395 -1.20672924 -1.71891662 -72.27342279515696 0.0
3.5856276992744916e-35 71.90918005134907 -23.69123072 -3.30359325 -0.46495756 -0.36768842 -1.90205374 -72.25576176340454 0.0
5.300260082083934e-35 71.48161206453796 -23.05830083 -3.62679507 -0.40177257 -0.61536003 -1.08854708 -71.90918005134907 0.0
6.489663131411577e-35 71.45115874245589 -22.72413596 -3.77860708 -0.35875938 -1.41068406 -1.74573356 -71.48161206453796 0.0
8.556693067559055e-35 70.97625193424243 -22.56901727 -3.93955821 -0.31205735 -1.40507406 -0.31104021 -71.45115874245589 0.0
1.626992264179052e-34 70.23605830381119 -23.65360493 -3.23360946 -0.67027472 -0.51467404 -1.60154607 -70.97625193424243 0.0
3.556772347051766e-34 69.42876285783072 -23.76755928 -3.00552675 -0.89836439 -1.42753604 -0.07444193 -70.23605830381119 0.0
5.048013546247143e-34 69.3699655372375 -23.23457821 -3.5015877 -0.44464839 -1.19402341 -1.55719675 -69.42876285783072 0.0
5.622375098458619e-34 69.21072833174524 -22.1841373 -3.5349338 -0.35631329 -1.37242178 -0.85381303 -69.3699655372375 0.0
6.122216298142958e-34 69.18546860575762 -23.87196343 -2.96125973 -0.90600311 -1.64327104 -1.81858529 -69.21072833174524 0.0
8.147543497990344e-34 68.69141235879502 -23.0474818 -3.62853622 -0.35765604 -1.46751585 -1.36222734 -69.18546860575762 0.0
1.2148906842368425e-33 68.34745837373866 -22.91290903 -3.30458123 -0.84762691 -1.25278832 -0.76145075 -68.69141235879502 0.0
1.4178021922011462e-33 68.3450906435964 -22.58613649 -3.81498942 -0.39147649 -1.74915854 -1.09127551 -68.34745837373866 0.0
1.4208478831526427e-33 68.33520561084326 -23.3923874 -3.45337374 -0.38322815 -1.53530656 -0.91985307 -68.3450906435964 0.0
1.6794128978946925e-33 68.02644103938978 -22.25900925 -3.44837093 -0.57395167 -1.47206719 -0.71724094 -68.33520561084326 0.0
3.2614313605687106e-33 67.15866886133102 -2.20113484e+01 -3.99860390e+00 -4.12186244e-01 -4.14703346e-03 -1.13979409e+00 -68.02644103938978 0.0
4.873964376709327e-33 67.03609676380864 -22.50090713 -3.82677012 -0.78763357 -0.59282585 -0.95981398 -67.15866886133102 0.0
5.8647257755100606e-33 66.791727157591 -22.25833186 -3.34114242 -0.66891017 -1.29602994 -1.81308917 -67.03609676380864 0.0
8.051376492244093e-33 66.4147630227425 -22.54063237 -3.63373058 -0.93529635 -1.27966401 -1.70620271 -66.791727157591 0.0
1.149671731555156e-32 66.06620900993238 -23.37424264 -3.61485282 -0.07557544 -1.45929639 -1.02200499 -66.4147630227425 0.0
1.445394444477016e-32 65.92381233456366 -22.28451549 -3.49232142 -0.35294779 -0.65924623 -1.69245655 -66.06620900993238 0.0
1.7186391572185585e-32 65.71748308787714 -22.0401604 -3.78890398 -0.98586671 -1.2489825 -1.46673625 -65.92381233456366 0.0
1.903747773352059e-32 65.70069133648684 -23.41688449 -3.231759 -0.9488808 -1.49341548 -0.11029409 -65.71748308787714 0.0
1.9408770065741282e-32 65.6710177171747 -22.36330035 -3.71813459 -0.88148429 -1.46001773 -1.57812818 -65.70069133648684 0.0
1.9717636548151712e-32 65.66093565831395 -22.36989291 -3.61020604 -0.59155846 -0.87115778 -0.05675529 -65.6710177171747 0.0
2.257199895500626e-32 65.40850333900012 -23.47172377 -3.34227115 -0.52066312 -1.00940281 -1.774008 -65.66093565831395 0.0
3.405200347607226e-32 64.88297148703505 -22.3002266 -3.72328353 -0.8873374 -1.64362767 -1.62621003 -65.40850333900012 0.0
4.4152662204071515e-32 64.81391678453522 -22.8534764 -3.56011267 -0.85468309 -1.87289746 -1.01320082 -64.88297148703505 0.0
7.828012118381975e-32 63.921387565514166 -22.39544362 -3.54882718 -0.21374511 -1.05789068 -0.49417409 -64.81391678453522 0.0
1.3303504727233687e-31 63.581213186091546 -22.04119152 -3.85179314 -0.73122611 -0.83713123 -1.91458931 -63.921387565514166 0.0
1.814367810415291e-31 63.28576625912333 -22.73933905 -3.26328735 -0.75144226 -0.86463831 -1.38829378 -63.581213186091546 0.0
2.1013825711442905e-31 63.25796228610966 -23.87039592 -3.19971334 -0.4089562 -1.25902223 -0.40241625 -63.28576625912333 0.0
2.4295676451043086e-31 63.003497860930835 -22.06195229 -3.56890755 -0.37098912 -0.72398215 -1.53354957 -63.25796228610966 0.0
4.753430863747774e-31 62.09229335726485 -23.10385194 -3.46918285 -0.79289241 -1.01443148 -0.71604509 -63.003497860930835 0.0
7.447924450127323e-31 61.90533560313444 -23.96641026 -2.79833567 -0.91668768 -0.74125732 -0.41453936 -62.09229335726485 0.0
8.150801200395102e-31 61.89524748753834 -22.28355892 -3.57490901 -0.798503 -0.70798782 -0.36624976 -61.90533560313444 0.0
8.287741949452367e-31 61.86424377535847 -23.24848085 -3.09544378 -0.83494351 -1.69014811 -1.06720668 -61.89524748753834 0.0
9.140400548381247e-31 61.69806568980706 -22.80841611 -3.31312708 -0.41124351 -1.70743963 -1.21570874 -61.86424377535847 0.0
1.008731888395633e-30 61.652727964731454 -22.34521707 -3.76726246 -0.99453196 -0.89023965 -1.54363615 -61.69806568980706 0.0
2.0368813617903755e-30 60.56592139511403 -22.12550289 -3.46414751 -0.64813486 -1.67903624 -1.22418084 -61.652727964731454 0.0
3.5725295527045886e-30 60.26220354518023 -22.8951772 -3.69777296 -0.30906614 -1.54440838 -1.8259293 -60.56592139511403 0.0
4.4795335087364444e-30 60.08988826644117 -23.32831355 -3.27920019 -0.76177061 -1.27307373 -1.39744546 -60.26220354518023 0.0
7.23998859175963e-30 59.40248111439316 -2.39130830e+01 -3.07814249e+00 -5.79397504e-03 -9.69542810e-01 -1.18343043e+00 -60.08988826644117 0.0
9.773040816469588e-30 59.36633771888756 -23.66572897 -3.05308637 -0.86775786 -1.75660717 -1.55615016 -59.40248111439316 0.0
1.2200438379393868e-29 58.98636230257257 -23.94450797 -3.11499923 -0.490043 -1.72832498 -0.25023866 -59.36633771888756 0.0
1.8408533062574884e-29 58.54754694845657 -23.43294446 -3.28459483 -0.62745153 -1.38026779 -1.3035089 -58.98636230257257 0.0
2.3183694252382092e-29 58.47082144881527 -23.41615113 -3.16484403 -0.75759361 -1.28195838 -0.38932612 -58.54754694845657 0.0
2.83766310015762e-29 58.158193284389604 -22.52326105 -3.3754825 -0.66428432 -1.06945207 -0.91708904 -58.47082144881527 0.0
3.5429913315926485e-29 58.000714625010374 -23.96957386 -2.86104962 -0.46283516 -0.73245425 -0.3052999 -58.158193284389604 0.0
5.372590503843234e-29 57.40017649424064 -23.00283359 -3.68944711 -0.21684349 -1.51187266 -1.92056087 -58.000714625010374 0.0
6.984942938533779e-29 57.37910990358886 -22.59781169 -3.86220841 -0.69848397 -1.59834291 -0.24062698 -57.40017649424064 0.0
8.605255050779869e-29 57.00891602389112 -23.778306 -3.21165362 -0.54739122 -0.23748281 -0.47933012 -57.37910990358886 0.0
1.1287114480993878e-28 56.80487195019187 -22.67202833 -3.46479515 -0.1477059 -1.24210829 -1.28853164 -57.00891602389112 0.0
1.4287130902544657e-28 56.537028324406876 -22.16992067 -3.62092416 -0.32525927 -0.60627209 -0.59072987 -56.80487195019187 0.0
1.7750300634610348e-28 56.35334294410515 -23.37142678 -3.53751828 -0.17531956 -1.89522204 -0.27706745 -56.537028324406876 0.0
2.4282344879206813e-28 55.93696083983487 -22.00345037 -3.81091992 -0.26974331 -0.2725337 -0.14302864 -56.35334294410515 0.0
3.221971280249883e-28 55.745789787187306 -23.03803894 -3.55965948 -0.46945636 -1.30310826 -0.73688761 -55.93696083983487 0.0
4.486606076064131e-28 55.30568499542558 -22.40011916 -3.83891895 -0.83963672 -0.4269043 -1.50259535 -55.745789787187306 0.0
6.495776320979724e-28 54.976608749636554 -22.08339803 -3.69716293 -0.43116711 -1.62199977 -0.35328829 -55.30568499542558 0.0
7.727851779237784e-28 54.9240816391668 -23.84426835 -3.33902539 -0.12272346 -1.79226251 -1.71051375 -54.976608749636554 0.0
8.187517350624971e-28 54.85361648365246 -22.69094439 -3.49310646 -0.08493065 -0.63849331 -1.68838248 -54.9240816391668 0.0
1.1956457014478801e-27 54.24789174453534 -23.75593324 -3.05606863 -0.20008301 -1.56214533 -1.99338353 -54.85361648365246 0.0
1.9934908295668325e-27 53.78579005685445 -23.30646672 -3.50527717 -0.54595357 -0.06842655 -1.33157966 -54.24789174453534 0.0
2.511631252996242e-27 53.72580077123993 -22.48680156 -3.93144849 -0.18309123 -1.14955318 -0.50868492 -53.78579005685445 0.0
2.848225255021325e-27 53.534513029405204 -22.60251125 -3.54338234 -0.84213112 -1.71718214 -0.08945474 -53.72580077123993 0.0
3.1565110409990486e-27 53.50338268855444 -22.1746663 -3.79801936 -0.85270398 -1.70512389 -1.05275738 -53.534513029405204 0.0
3.640051757719333e-27 53.25643300690093 -22.3815503 -3.64106871 -0.84439086 -1.53966984 -1.88879637 -53.50338268855444 0.0
4.109460066966871e-27 53.237691505654674 -22.03894803 -3.56784073 -0.49695014 -0.83212071 -1.82310152 -53.25643300690093 0.0
4.558085152202818e-27 53.0499390596606 -22.62084527 -3.67828493 -0.63961691 -1.36201232 -1.13568017 -53.237691505654674 0.0
5.932991621414453e-27 52.720643065168076 -22.81360485 -3.78927776 -0.15037927 -0.93280275 -1.13869311 -53.0499390596606 0.0
9.934277898439685e-27 52.083774196573714 -23.96621648 -2.96053093 -0.19922434 -1.47644523 -1.56037552 -52.720643065168076 0.0
1.3089611855456343e-26 52.06139696232086 -22.69327207 -3.83902246 -0.14362695 -1.05486386 -0.84579689 -52.083774196573714 0.0
1.4247312878718607e-26 51.9117588636395 -23.80507121 -3.30523305 -0.21117062 -0.47060379 -1.20031354 -52.06139696232086 0.0
1.6551966483156373e-26 51.754150716720915 -23.27585405 -3.53417356 -0.24646349 -0.80342652 -0.98518458 -51.9117588636395 0.0
2.6011392452573837e-26 51.09896313949951 -2.34747319e+01 -3.56392423e+00 -4.61054785e-03 -1.43975715e+00 -1.56643910e+00 -51.754150716720915 0.0
3.631991832691034e-26 50.97678167039334 -23.58784896 -3.24783514 -0.5603097 -0.98902828 -0.43684926 -51.09896313949951 0.0
4.80700423445739e-26 50.56812614334418 -2.23745542e+01 -3.99631203e+00 -2.41056027e-01 -2.12174259e-03 -2.87954206e-01 -50.97678167039334 0.0
7.60416796573783e-26 50.071199359166144 -22.11056399 -3.93587597 -0.20923723 -0.84835141 -1.02041469 -50.56812614334418 0.0
1.0304956928685582e-25 49.89861319192083 -22.56458832 -3.86418038 -0.19510516 -0.5133841 -1.93826005 -50.071199359166144 0.0
1.23516799664272e-25 49.70299531965087 -2.28090756e+01 -3.81920556e+00 -2.59936479e-01 -6.93751042e-01 -7.36438010e-03 -49.89861319192083 0.0
1.4920808614361484e-25 49.51223223990652 -2.25025535e+01 -3.92059816e+00 -2.97191159e-01 -1.20765989e-02 -1.07854266e+00 -49.70299531965087 0.0
1.960871218588964e-25 49.16883050619896 -22.05426921 -3.76089661 -0.16082693 -0.64030784 -0.41087757 -49.51223223990652 0.0
2.4743083167270944e-25 49.015628677975464 -22.54562016 -3.94310207 -0.20249147 -1.88328081 -0.10579447 -49.16883050619896 0.0
3.8139540197108693e-25 48.38683271068499 -23.28388045 -3.63474617 -0.02329992 -0.58630022 -0.74142075 -49.015628677975464 0.0
6.658604096481847e-25 47.863579929174776 -22.74930851 -3.72907676 -0.41865072 -0.44543475 -0.93719882 -48.38683271068499 0.0
8.7047403400703e-25 47.7771197074226 -22.1158578 -3.73217057 -0.86883145 -0.1307316 -0.38631812 -47.863579929174776 0.0
9.172987186532835e-25 47.7491329428927 -22.04933642 -3.74129645 -0.79986996 -0.96506311 -1.34450624 -47.7771197074226 0.0
9.392576986029063e-25 47.72181303444055 -22.29578338 -3.63892716 -0.05822274 -1.97612001 -1.39455782 -47.7491329428927 0.0
1.29309518708092e-24 47.17530951993096 -22.89139981 -3.78894882 -0.0547076 -0.93419957 -1.01795474 -47.72181303444055 0.0
1.7268746728321e-24 47.06458779415447 -22.47307515 -3.5895712 -0.29756409 -0.74787016 -0.16372314 -47.17530951993096 0.0
1.8174711214638748e-24 47.0619982650999 -23.66972292 -3.25653096 -0.40180256 -1.96514722 -1.62441029 -47.06458779415447 0.0
2.2934046753943688e-24 46.63637105897618 -23.20587421 -3.31095457 -0.33629653 -0.20714834 -1.692144 -47.0619982650999 0.0
3.707461948514517e-24 46.11551256787143 -22.8221031 -3.78728775 -0.1062965 -1.1704354 -0.85410928 -46.63637105897618 0.0
4.865281278448086e-24 46.02004056896405 -23.95567964 -3.00734753 -0.14306051 -0.25393643 -1.54604205 -46.11551256787143 0.0
7.10949971029348e-24 45.43189605276821 -22.43759153 -3.76726158 -0.72062806 -1.13800647 -0.8678738 -46.02004056896405 0.0
9.457114070184289e-24 45.357508710130546 -22.07099362 -3.99089982 -0.07840346 -1.16913591 -0.35121252 -45.43189605276821 0.0
1.348907044204309e-23 44.791381343697076 -23.55238999 -3.27516111 -0.68274569 -0.27450989 -0.97625757 -45.357508710130546 0.0
1.95452463887884e-23 44.544002797480296 -22.10652047 -3.80080114 -0.79912056 -1.36028755 -0.80948772 -44.791381343697076 0.0
2.393114102029924e-23 44.37073612772223 -22.50138239 -3.67852055 -0.93163636 -1.44608266 -1.05722425 -44.544002797480296 0.0
2.6678821764895824e-23 44.31200602036172 -22.59297275 -3.80033492 -0.24101758 -1.35847898 -1.22701957 -44.37073612772223 0.0
2.776269036084742e-23 44.28246212989218 -22.23270988 -3.74557428 -0.88387064 -1.2270788 -1.08795236 -44.31200602036172 0.0
3.668813191394511e-23 43.80317164316118 -23.12093044 -3.49963989 -0.53126536 -0.50022245 -0.88261055 -44.28246212989218 0.0
4.59062998764375e-23 43.76957378257195 -23.15887777 -3.53520665 -0.82143842 -0.10699991 -1.32194581 -43.80317164316118 0.0
4.792681218790176e-23 43.70965728944259 -22.23072517 -3.62411868 -0.1673393 -0.96683042 -1.5438397 -43.76957378257195 0.0
5.731191273076058e-23 43.42343661317563 -23.02734378 -3.62017204 -0.35014277 -0.2947872 -1.019315 -43.70965728944259 0.0
7.102561437185988e-23 43.25895407401183 -22.03101484 -3.86870081 -0.09134255 -1.95465959 -1.11829448 -43.42343661317563 0.0
9.639860616882593e-23 42.841125556104544 -22.36739025 -3.57381783 -0.65225998 -0.15991479 -0.83686935 -43.25895407401183 0.0
1.234419351774512e-22 42.71693383623706 -22.90756325 -3.55300461 -0.64561482 -1.63783896 -0.76948813 -42.841125556104544 0.0
1.372738848372903e-22 42.61925788440141 -22.09477428 -3.96102425 -0.67419055 -1.65155165 -0.06078765 -42.71693383623706 0.0
1.4388666361105686e-22 42.61248138983256 -22.3798752 -3.47465508 -0.9596839 -0.45226337 -1.86683271 -42.61925788440141 0.0
1.4597387727868193e-22 42.58268086817357 -22.06433102 -3.65566109 -0.92854064 -1.07981664 -1.83178647 -42.61248138983256 0.0
1.5497385209564526e-22 42.48691002823742 -22.61614562 -3.35650074 -0.80908432 -1.61187628 -0.71874045 -42.58268086817357 0.0
1.6529464761390616e-22 42.44392024684328 -22.90624544 -3.68594678 -0.62336457 -0.61060826 -0.11409178 -42.48691002823742 0.0
1.6890752658738947e-22 42.43523930908219 -2.38190340e+01 -3.26971237e+00 -2.68966488e-01 -8.26725708e-03 -1.18262889e+00 -42.44392024684328 0.0
1.7383221316297592e-22 42.379223394604786 -23.77719456 -2.98831499 -0.42757211 -1.19009247 -0.30364348 -42.43523930908219 0.0
1.8835716572451967e-22 42.26900740593091 -23.92248608 -2.93405952 -0.77534791 -1.26947634 -1.86559723 -42.379223394604786 0.0
2.2426311749067845e-22 42.033122281822635 -22.61720848 -3.7298389 -0.3716116 -1.50021242 -1.12412852 -42.26900740593091 0.0
2.7011861523886083e-22 41.88085353031942 -22.03369014 -3.71183822 -0.97482669 -0.90265695 -0.87606319 -42.033122281822635 0.0
2.909136893926157e-22 41.871040570861624 -23.79836811 -3.0684471 -0.61974705 -1.90996854 -1.36718362 -41.88085353031942 0.0
3.037167037358952e-22 41.7884142115245 -23.45844333 -3.42163167 -0.26114603 -1.67324953 -0.17520604 -41.871040570861624 0.0
3.529642730953492e-22 41.57244533943381 -23.89909336 -3.03394219 -0.1342833 -1.97028368 -1.27348178 -41.7884142115245 0.0
4.0703562288702603e-22 41.48560894075885 -22.19661374 -3.87252022 -0.20913152 -0.79710765 -1.65886004 -41.57244533943381 0.0
4.838556313870794e-22 41.23274734512571 -23.07285093 -3.36629152 -0.15667493 -1.20083082 -1.36382901 -41.48560894075885 0.0
5.991636250651024e-22 41.04315879592271 -23.28463858 -3.36115154 -0.30247946 -0.17910839 -0.06063701 -41.23274734512571 0.0
6.59225971764428e-22 41.02481162292213 -22.26218891 -3.91138728 -0.76724142 -1.97987878 -0.25336006 -41.04315879592271 0.0
7.11675822557074e-22 40.886740478091525 -22.075677 -3.77126725 -0.84711385 -0.87950782 -0.29523622 -41.02481162292213 0.0
7.697484699388568e-22 40.8554279658463 -23.70041898 -3.116431 -0.17892889 -0.33626553 -0.53295268 -40.886740478091525 0.0
8.365846017809491e-22 40.71678522750694 -22.78127173 -3.70884507 -0.30650438 -1.9364659 -0.68511061 -40.8554279658463 0.0
9.219648161798638e-22 40.649417871803365 -22.0886826 -3.77426175 -0.98303891 -1.39696356 -0.22331423 -40.71678522750694 0.0
1.4909085186411077e-21 39.887975587354205 -22.4592707 -3.60097383 -0.12897847 -0.61879797 -0.38251497 -40.649417871803365 0.0
2.0918849124757716e-21 39.82353550661692 -22.12301844 -3.96062244 -0.30831486 -1.87072198 -0.09873595 -39.887975587354205 0.0
2.3382443112219736e-21 39.66274073771588 -22.16701715 -3.90017304 -0.33159726 -1.76194243 -0.4693375 -39.82353550661692 0.0
2.8012239106251346e-21 39.45822138472766 -23.6065898 -3.23645414 -0.4677738 -0.86394414 -1.95823379 -39.66274073771588 0.0
3.4522344896875854e-21 39.23843912710825 -22.18574153 -3.61519277 -0.93161016 -0.5183458 -0.71543932 -39.45822138472766 0.0
5.2808844091493326e-21 38.66824443871769 -23.11776006 -3.67305813 -0.04498104 -0.94557051 -1.6177302 -39.23843912710825 0.0
7.701610427487855e-21 38.411956747627364 -23.12230168 -3.49082448 -0.52087835 -0.46037921 -1.11316462 -38.66824443871769 0.0
9.13364606460138e-21 38.305637869168635 -22.27297339 -3.73206985 -0.94018955 -0.76158102 -1.24450702 -38.411956747627364 0.0
1.0655065033970407e-20 38.103231908015516 -23.60873152 -3.23779609 -0.44488387 -1.99415979 -1.03781459 -38.305637869168635 0.0
1.1784844557012205e-20 38.08594596450756 -22.51869177 -3.66179384 -0.87842641 -0.85040696 -1.23931546 -38.103231908015516 0.0
1.3473899868303783e-20 37.842119125727166 -23.40713141 -3.02722776 -0.85571465 -1.06418479 -1.11491775 -38.08594596450756 0.0
1.7653448961891294e-20 37.54480091639704 -22.45723164 -3.57451681 -0.43174232 -0.09689953 -0.66871894 -37.842119125727166 0.0
2.0426205566642197e-20 37.52048925570044 -22.33162666 -3.9323722 -0.08851305 -0.58793219 -0.72310087 -37.54480091639704 0.0
2.6297461364449948e-20 37.07957443637244 -22.17973324 -3.99502591 -0.11925005 -1.20245147 -0.02725388 -37.52048925570044 0.0
3.199124794153164e-20 37.07232562538213 -23.28299853 -3.57933588 -0.08333326 -0.27290426 -1.60018395 -37.07957443637244 0.0
3.2070371113908386e-20 37.06664488111024 -23.05189497 -3.51482137 -0.82081123 -0.32947821 -1.32529995 -37.07232562538213 0.0
3.390722796007282e-20 36.95600121986729 -22.25354134 -3.45968446 -0.73467384 -0.90387003 -1.39139779 -37.06664488111024 0.0
3.575736796056756e-20 36.94935665324983 -23.54958748 -3.22320017 -0.85400776 -1.30836679 -0.15013133 -36.95600121986729 0.0
3.602672748023248e-20 36.93306301313767 -22.26301589 -3.54978695 -0.5971155 -0.51254807 -1.40596402 -36.94935665324983 0.0
3.7644933014391553e-20 36.85495646948103 -22.80766936 -3.7902389 -0.05776541 -1.70610027 -0.67463687 -36.93306301313767 0.0
3.90256705707945e-20 36.85151459078773 -22.54446175 -3.65945173 -0.68218601 -1.40629733 -1.12009191 -36.85495646948103 0.0
4.3519438578741506e-20 36.64014220010322 -22.20193011 -3.85328584 -0.16760777 -0.95539252 -1.70521113 -36.85151459078773 0.0
5.3536549321855106e-20 36.42917423784414 -22.09509715 -3.73143725 -0.33052761 -1.22152948 -0.65321374 -36.64014220010322 0.0
5.910892773226073e-20 36.42302653153298 -22.63414825 -3.70547514 -0.98545524 -0.35743677 -1.81192872 -36.42917423784414 0.0
5.91635610205892e-20 36.419336441707756 -22.23681025 -3.73946441 -0.67149213 -0.70244296 -1.73291844 -36.42302653153298 0.0
6.281141138142604e-20 36.29899551155688 -22.8261602 -3.64928913 -0.67855809 -0.29646638 -1.42206144 -36.419336441707756 0.0
6.729745171856647e-20 36.269973450340146 -2.28275928e+01 -3.80912399e+00 -1.01213996e-01 -8.55323317e-03 -2.74590139e-01 -36.29899551155688 0.0
6.823154432973358e-20 36.26324300446079 -22.73971463 -3.48121384 -0.58834166 -1.64806975 -0.35080582 -36.269973450340146 0.0
7.260406542916501e-20 36.141455949170506 -23.70535306 -2.91912178 -0.99936566 -1.44638336 -1.57267462 -36.26324300446079 0.0
8.981252236579944e-20 35.84764960534177 -23.20460623 -3.23311111 -0.81774635 -1.88895877 -1.99250743 -36.141455949170506 0.0
1.1866343339451122e-19 35.57355802644805 -23.78191402 -3.32185005 -0.11382937 -0.53006729 -1.77607503 -35.84764960534177 0.0
1.4125567005187821e-19 35.47481827571797 -22.37292994 -3.80095561 -0.32270089 -0.77054634 -1.49373871 -35.57355802644805 0.0
1.671802982643562e-19 35.23989993837032 -22.10213145 -3.68985846 -0.67388416 -1.64914928 -0.98793909 -35.47481827571797 0.0
1.8922199540439606e-19 35.2056660718011 -23.20535301 -3.19140495 -0.96244366 -1.39766815 -1.72485427 -35.23989993837032 0.0
1.9446200027458498e-19 35.177193844831415 -22.58590637 -3.54912968 -0.51320299 -1.93904019 -0.2203641 -35.2056660718011 0.0
2.0045400526752537e-19 35.137183455038915 -22.10405019 -3.85516509 -0.51546118 -0.87388824 -0.07899454 -35.177193844831415 0.0
2.22839056420482e-19 34.96452332131394 -23.5631581 -2.88303469 -0.76434162 -1.42704834 -1.95624014 -35.137183455038915 0.0
2.5715454566873416e-19 34.83922331262923 -22.14874143 -3.6885512 -0.90853066 -0.73996889 -1.57875962 -34.96452332131394 0.0
2.7389099307597077e-19 34.82655108163759 -22.40394196 -3.42862804 -0.51513367 -1.12521577 -1.29915015 -34.83922331262923 0.0
2.939655775718865e-19 34.69411573247716 -22.46609046 -3.78880983 -0.26626619 -1.14150552 -1.84316816 -34.82655108163759 0.0
3.393186549639609e-19 34.533661045912375 -23.92798459 -2.91444877 -0.48301634 -0.57139779 -0.23871151 -34.69411573247716 0.0
3.7998907400900263e-19 34.45484889576501 -22.55128574 -3.84906342 -0.81421049 -0.53477612 -0.0992204 -34.533661045912375 0.0
4.497911591702766e-19 34.20269612042624 -22.65940009 -3.61397927 -0.53978599 -1.42836208 -1.35009248 -34.45484889576501 0.0
5.650025717263468e-19 33.98657243805436 -23.97960404 -2.82047678 -0.89487076 -1.91264906 -1.92855557 -34.20269612042624 0.0
7.415758399380434e-19 33.66491776013408 -22.23094364 -3.89202099 -0.34473136 -1.53513407 -0.32936016 -33.98657243805436 0.0
9.69665797464134e-19 33.430224384335816 -22.87483017 -3.47351863 -0.69859657 -1.1742911 -1.3083283 -33.66491776013408 0.0
1.0861812385484604e-18 33.416299635487285 -23.29425593 -3.39489647 -0.4049658 -1.07210402 -1.19604224 -33.430224384335816 0.0
1.1071015528902892e-18 33.384293371563146 -22.13767492 -3.71983367 -0.40936969 -0.57320855 -1.10291914 -33.416299635487285 0.0
1.1532730482208887e-18 33.32715821487863 -22.42698379 -3.88149307 -0.4298767 -0.11343606 -0.35874555 -33.384293371563146 0.0
1.2297235218549247e-18 33.24866265359167 -23.74395898 -3.1228909 -0.16271868 -0.14853533 -1.66994079 -33.32715821487863 0.0
1.374785405699161e-18 33.10012816927452 -22.21037021 -3.80264182 -0.23100484 -1.55437292 -1.61732651 -33.24866265359167 0.0
1.494353199052828e-18 33.06862452022436 -22.14436296 -3.72968053 -0.71429636 -0.46960241 -0.81482653 -33.10012816927452 0.0
2.0177633817011663e-18 32.556233963763134 -22.36925055 -3.88354297 -0.43956444 -1.44997855 -0.24782592 -33.06862452022436 0.0
2.525248862410448e-18 32.547031409041445 -23.39454569 -2.88167412 -0.9702415 -1.78924388 -1.85253521 -32.556233963763134 0.0
2.8440361560107423e-18 32.32298281651295 -22.18381048 -3.82039369 -0.65628716 -0.31218325 -0.47504256 -32.547031409041445 0.0
3.14928176266282e-18 32.32262373628016 -22.42300898 -3.65113627 -0.66315369 -1.51919773 -1.39322404 -32.32298281651295 0.0
3.513366612570527e-18 32.10772169147037 -23.9943453 -3.09546162 -0.33735016 -1.98986994 -1.82359594 -32.32262373628016 0.0
4.160321440016639e-18 31.969830618747164 -22.58546599 -3.50566117 -0.19622085 -0.75038863 -1.27758871 -32.10772169147037 0.0
5.672568337062414e-18 31.524142468092872 -22.2083841 -3.77617119 -0.17726474 -0.31418485 -1.07919292 -31.969830618747164 0.0
7.095624790797546e-18 31.465771644732712 -23.61390188 -3.38729299 -0.11791321 -0.8681004 -1.56264386 -31.524142468092872 0.0
7.591216474790678e-18 31.38203234487177 -2.21733779e+01 -3.90375849e+00 -2.14846067e-02 -4.17333224e-01 -4.58512753e-01 -31.465771644732712 0.0
8.359836214701328e-18 31.266477457075418 -22.94442011 -3.6651397 -0.16092692 -1.31308447 -0.90516885 -31.38203234487177 0.0
1.0006015397970615e-17 31.025677909302228 -22.6159268 -3.53015345 -0.21538298 -0.96803741 -0.49433342 -31.266477457075418 0.0
1.1264187943941777e-17 31.00723318241585 -22.76563617 -3.53529267 -0.59895508 -1.28632166 -1.44897507 -31.025677909302228 0.0
1.1611243597220028e-17 30.95753538101375 -22.18953322 -3.64667031 -0.5472592 -1.65902188 -1.73885822 -31.00723318241585 0.0
1.1907979010950312e-17 30.94818404481563 -22.32294639 -3.83753149 -0.24275836 -1.38383413 -0.87578812 -30.95753538101375 0.0
1.2704224026746644e-17 30.82393475204526 -22.98000712 -3.63267181 -0.4933887 -1.77853563 -0.03971913 -30.94818404481563 0.0
1.379045643921486e-17 30.772909334626693 -22.15265153 -3.85597272 -0.25977106 -1.42497033 -0.31609635 -30.82393475204526 0.0
1.422721025404509e-17 30.753039471966847 -22.65467339 -3.49944059 -0.86454193 -0.05358124 -1.56608295 -30.772909334626693 0.0
2.2397944918414647e-17 29.99686829370252 -23.06017028 -3.14091818 -0.67290087 -1.88840006 -1.69111163 -30.753039471966847 0.0
3.326415905887834e-17 29.822000370340252 -23.03969584 -3.30877474 -0.54188255 -1.07493802 -0.80965869 -29.99686829370252 0.0
3.9130726897963044e-17 29.662729393708688 -22.57645539 -3.50331147 -0.86085395 -1.97395197 -1.68417947 -29.822000370340252 0.0
4.211369378031343e-17 29.66075229940018 -23.88371543 -2.99555053 -0.63745998 -0.06584417 -0.87147361 -29.662729393708688 0.0
5.027022083904035e-17 29.328187837528375 -22.24052054 -3.7582099 -0.88671799 -0.86587821 -0.63269092 -29.66075229940018 0.0
5.866922029943458e-17 29.316275712720884 -22.80898337 -3.73174318 -0.47428636 -1.60361519 -0.030488 -29.328187837528375 0.0
6.357289874550279e-17 29.165316070578825 -23.46743495 -3.16530489 -0.71176884 -0.34853689 -0.64169001 -29.316275712720884 0.0
7.68598189912395e-17 28.93611281190121 -22.55298337 -3.83560829 -0.9804496 -1.28525085 -0.03062891 -29.165316070578825 0.0
8.947680675013395e-17 28.84242810825736 -23.82537576 -3.27778082 -0.11873277 -1.07628258 -0.18171654 -28.93611281190121 0.0
1.0504536330114381e-16 28.617707994554614 -22.47183438 -3.90040849 -0.08671825 -1.81287632 -0.33346612 -28.84242810825736 0.0
1.1884307289627342e-16 28.575468529613843 -22.77346517 -3.53512095 -0.16236309 -0.05714289 -0.44877344 -28.617707994554614 0.0
1.280455381573492e-16 28.463259868397746 -23.67852143 -3.22621848 -0.35133535 -1.87932389 -0.84604909 -28.575468529613843 0.0
1.3514711201560528e-16 28.45639435240036 -23.76762815 -3.05509295 -0.82715438 -0.57146654 -0.31887339 -28.463259868397746 0.0
1.4115368706542093e-16 28.370152151000525 -22.22777771 -3.67315164 -0.59319779 -1.93796284 -1.21822641 -28.45639435240036 0.0
1.586531154314106e-16 28.21855000704785 -22.26009613 -3.68321521 -0.53236277 -0.9876802 -1.89560457 -28.370152151000525 0.0
1.7434947228592633e-16 28.168373960026152 -22.41455499 -3.76802329 -0.67819959 -1.00811254 -0.57419938 -28.21855000704785 0.0
1.8933658513420492e-16 28.048592275238683 -22.99621799 -3.58663945 -0.25380913 -1.78557376 -0.99376961 -28.168373960026152 0.0
2.1775978111789205e-16 27.883850031910843 -2.25392196e+01 -3.79495128e+00 -8.99730263e-01 -2.90174224e-04 -1.96526967e+00 -28.048592275238683 0.0
2.4089072969330983e-16 27.83258603106593 -22.5746572 -3.74562922 -0.9656633 -0.44043264 -0.47153746 -27.883850031910843 0.0
2.4801103278490996e-16 27.817010103022383 -22.92098821 -3.46538359 -0.24648146 -0.10041913 -0.78896391 -27.83258603106593 0.0
2.517735846558601e-16 27.794553453696317 -22.25595104 -3.74517046 -0.0758615 -1.63398517 -1.74416104 -27.817010103022383 0.0
3.141482399690255e-16 27.404103568625633 -22.6339299 -3.85387097 -0.09754475 -1.76798294 -0.17354427 -27.794553453696317 0.0
3.7929186468634344e-16 27.372070764201208 -2.31560948e+01 -3.57389515e+00 -2.32809534e-01 -1.88060835e+00 -6.59463144e-03 -27.404103568625633 0.0
3.845623618134335e-16 27.368266699775127 -23.57977189 -3.21859872 -0.88180864 -0.17388126 -1.14687814 -27.372070764201208 0.0
3.8449469624301863e-16 27.364438707760105 -22.22295143 -3.71026684 -0.81255891 -1.09676626 -0.31378456 -27.368266699775127 0.0
3.8620541988705977e-16 27.351442401875186 -23.9724819 -3.1574298 -0.21270885 -1.22033788 -1.98715243 -27.364438707760105 0.0
3.8783324632371105e-16 27.34800326455433 -23.33001829 -3.06433194 -0.62829544 -1.23119091 -1.75650702 -27.351442401875186 0.0
4.055452058320344e-16 27.25624576544591 -23.61885832 -2.94094741 -0.61825271 -1.49470502 -1.21277812 -27.34800326455433 0.0
4.458985663630606e-16 27.15096645980877 -22.94615254 -3.63493552 -0.19958185 -1.02095456 -1.67811807 -27.25624576544591 0.0
5.105543629684107e-16 26.981824554823433 -22.63982746 -3.50447116 -0.3032516 -0.33484896 -0.76674144 -27.15096645980877 0.0
5.681033217139941e-16 26.92308866307402 -22.50151249 -3.80434717 -0.15295947 -1.27847801 -1.48838895 -26.981824554823433 0.0
5.848215054304051e-16 26.914987815582897 -23.82847202 -3.19653414 -0.27135894 -0.50435184 -0.89728319 -26.92308866307402 0.0
5.925688445279111e-16 26.888937114004875 -23.82849051 -3.20510854 -0.31716865 -0.03900733 -1.88660002 -26.914987815582897 0.0
6.314123952993966e-16 26.78267158573722 -23.27792593 -3.29108069 -0.59327253 -1.21038669 -1.50997891 -26.888937114004875 0.0
6.734608007296985e-16 26.749465782938586 -23.76826165 -3.20944981 -0.29396872 -1.09358201 -0.98023887 -26.78267158573722 0.0
7.07801292941321e-16 26.676283313721818 -23.98524427 -2.96490357 -0.81735191 -0.33393178 -0.05921553 -26.749465782938586 0.0
7.566779389600933e-16 26.607767835075634 -22.24666035 -3.76420878 -0.05213303 -0.99527701 -1.37406811 -26.676283313721818 0.0
9.152690937721555e-16 26.308824236984474 -23.39879764 -3.31827884 -0.04961024 -1.64695138 -1.69802212 -26.607767835075634 0.0
1.1619289081788885e-15 26.11014005302978 -23.07509749 -3.39660788 -0.1371844 -1.91077183 -1.70388825 -26.308824236984474 0.0
1.353494261664673e-15 25.989412857348924 -23.98164923 -2.9048366 -0.84726622 -1.99016596 -0.14000237 -26.11014005302978 0.0
1.5688605968787558e-15 25.81113008096272 -23.31576973 -3.35393438 -0.70287495 -0.5636369 -0.1800145 -25.989412857348924 0.0
2.040791450479364e-15 25.47554087036828 -22.53079367 -3.55944272 -0.98190939 -1.00323951 -0.30880469 -25.81113008096272 0.0
2.617145808236186e-15 25.286545425276145 -23.68007926 -2.90078602 -0.94113382 -1.49454988 -0.89982549 -25.47554087036828 0.0
3.0001047089471625e-15 25.187944130358478 -23.33750065 -3.25459858 -0.4853215 -0.25884351 -1.07320695 -25.286545425276145 0.0
3.240092977146512e-15 25.123267720147112 -22.64420096 -3.55090113 -0.72909751 -0.96327013 -1.66002079 -25.187944130358478 0.0
3.884903305217628e-15 24.83642230962358 -23.63822743 -3.18820881 -0.91676341 -0.11807335 -0.45305544 -25.123267720147112 0.0
4.423116042382791e-15 24.835291381012674 -23.96352466 -3.12733963 -0.28571101 -0.22118236 -0.7037746 -24.83642230962358 0.0
4.4764268378116e-15 24.804710313296468 -22.10374988 -3.6328799 -0.56807705 -1.743895 -0.71675125 -24.835291381012674 0.0
4.558237821640016e-15 24.7908993149559 -22.48068965 -3.54535944 -0.994126 -0.19609568 -1.36299621 -24.804710313296468 0.0
4.816298350333059e-15 24.689127732866602 -22.66962319 -3.78450785 -0.21122392 -1.82120395 -0.3087434 -24.7908993149559 0.0
5.5152373344555745e-15 24.516730024195944 -23.18685763 -3.21198228 -0.79537678 -1.74540391 -0.90606889 -24.689127732866602 0.0
6.305876200526766e-15 24.408704126694964 -22.25170869 -3.54685252 -0.89070393 -1.76753337 -0.95227247 -24.516730024195944 0.0
6.866458008390071e-15 24.336789701830178 -22.65571837 -3.54956936 -0.11579256 -1.22017858 -0.63620918 -24.408704126694964 0.0
7.319847847644423e-15 24.272575834899875 -22.32710554 -3.50012058 -0.92267605 -1.1625147 -0.93266842 -24.336789701830178 0.0
8.384098732189012e-15 24.066843134634702 -23.33102748 -3.12885052 -0.85030251 -1.60769107 -1.87531103 -24.272575834899875 0.0
9.383267257365016e-15 24.029200888400744 -23.84224938 -2.92142222 -0.44341029 -1.97209767 -1.20361712 -24.066843134634702 0.0
1.1385813309734708e-14 23.698793646670936 -22.52873075 -3.82608312 -0.0731101 -0.64477286 -1.51902197 -24.029200888400744 0.0
1.3689869799007043e-14 23.626768493867317 -23.52540823 -3.13478483 -0.69222073 -0.31436423 -1.64547494 -23.698793646670936 0.0
1.434576472383411e-14 23.59615008359915 -23.06971363 -3.50233835 -0.61415308 -1.34306972 -0.15005894 -23.626768493867317 0.0
1.4534030800355412e-14 23.5924772732253 -22.22370535 -3.87603461 -0.17186744 -1.44743362 -0.02651711 -23.59615008359915 0.0
1.4819079288549427e-14 23.5497732616438 -22.60082189 -3.57647415 -0.89604193 -0.80409328 -1.39908157 -23.5924772732253 0.0
1.5747954473138792e-14 23.464274336447133 -22.67472428 -3.6107815 -0.5550957 -1.13575379 -0.71463975 -23.5497732616438 0.0
1.696166110716903e-14 23.39275072111426 -22.29578329 -3.51602098 -0.58168681 -1.0234882 -1.18356333 -23.464274336447133 0.0
1.800168332851066e-14 23.336775457683004 -22.57676538 -3.88484996 -0.04593313 -0.70915007 -0.1081609 -23.39275072111426 0.0
2.010251254470955e-14 23.17015682648414 -22.54059102 -3.75929177 -0.90100229 -0.0619835 -1.38034847 -23.336775457683004 0.0
2.232171975984482e-14 23.113238063155915 -23.01967605 -3.50202832 -0.50585925 -0.57287396 -0.74079694 -23.17015682648414 0.0
2.5561617583519613e-14 22.901488128684253 -22.2405549 -3.8194301 -0.22960024 -1.37402251 -0.39426122 -23.113238063155915 0.0
2.882387913688558e-14 22.85439524140829 -23.70031292 -3.0183045 -0.70770278 -1.74570759 -1.50402166 -22.901488128684253 0.0
3.0170960610038176e-14 22.802277271658724 -22.63025163 -3.81723566 -0.04387116 -0.70729443 -0.72544762 -22.85439524140829 0.0
3.2604287656963696e-14 22.693557905265827 -22.77214349 -3.55102704 -0.64153104 -1.89454717 -0.90357012 -22.802277271658724 0.0
3.576820017973395e-14 22.607940853402255 -23.29798565 -3.215458 -0.35014308 -1.01179623 -1.64165223 -22.693557905265827 0.0
4.295551549403074e-14 22.33596606476698 -23.57824477 -3.4181246 -0.03702907 -1.66840555 -0.66333792 -22.607940853402255 0.0
4.9159064980174215e-14 22.311873647895474 -23.95158373 -2.88580749 -0.92538823 -0.53673873 -0.84406544 -22.33596606476698 0.0
4.996150990776537e-14 22.29552048524034 -2.22598964e+01 -3.82630721e+00 -1.20722347e-02 -1.46535865e+00 -3.94535284e-02 -22.311873647895474 0.0
5.054897066191909e-14 22.280499803599817 -23.49508424 -3.15823783 -0.76570932 -1.90527693 -0.52006614 -22.29552048524034 0.0
5.681798224977784e-14 22.065223176739515 -22.69334658 -3.4832206 -0.20440622 -1.7162979 -1.49029423 -22.280499803599817 0.0
6.289587114659432e-14 22.057710856010427 -23.69695805 -3.04877649 -0.74189178 -1.77894339 -0.325665 -22.065223176739515 0.0
6.310930191705722e-14 22.050462850532984 -22.56509279 -3.68843512 -0.79140732 -0.3960208 -0.98147353 -22.057710856010427 0.0
6.69756389318446e-14 21.934171154205004 -23.50866397 -3.20291772 -0.51742611 -1.6033782 -1.22619902 -22.050462850532984 0.0
7.149876670149223e-14 21.90856124338716 -22.29509456 -3.74281656 -0.18110883 -0.80372758 -1.67188166 -21.934171154205004 0.0
7.39031714227136e-14 21.860450667406507 -22.96951621 -3.25955575 -0.77504243 -0.80088467 -1.76890375 -21.90856124338716 0.0
7.5750296165612e-14 21.850649391784227 -22.43690632 -3.53562885 -0.30093737 -0.86539976 -1.85012983 -21.860450667406507 0.0
7.93330470417244e-14 21.761982572200147 -22.70227947 -3.67193048 -0.97990783 -1.73942405 -0.27958849 -21.850649391784227 0.0
8.679307678333949e-14 21.663385728823684 -23.4845442 -3.44108873 -0.07603088 -0.95798596 -1.97268848 -21.761982572200147 0.0
9.263402100219174e-14 21.621743440418825 -22.3444095 -3.52854251 -0.76325714 -1.68373722 -1.89585633 -21.663385728823684 0.0
1.0458110181460255e-13 21.422284896507513 -22.89669472 -3.51534124 -0.81343214 -1.09053371 -0.38180718 -21.621743440418825 0.0
1.1563374882250025e-13 21.402992968406426 -22.4979773 -3.73546201 -0.38768193 -0.45541261 -1.09097874 -21.422284896507513 0.0
1.1692238740630527e-13 21.39207262269532 -23.12906899 -3.4145177 -0.77849889 -0.38279641 -1.33571302 -21.402992968406426 0.0
1.3389863217988024e-13 21.139713027690433 -2.28853296e+01 -3.64546060e+00 -6.32894503e-01 -4.70033452e-01 -5.77858442e-03 -21.39207262269532 0.0
1.505204665466046e-13 21.134184892837727 -22.84051976 -3.61875728 -0.4137465 -1.7411671 -0.49709619 -21.139713027690433 0.0
1.5168627176483816e-13 21.116370044198185 -22.50436076 -3.76545357 -0.46015441 -0.08356706 -1.93036787 -21.134184892837727 0.0
1.7296872734421372e-13 20.877732030046776 -22.39457029 -3.47835948 -0.53300566 -0.89349683 -1.32699466 -21.116370044198185 0.0
1.9443293443016108e-13 20.86030558571673 -23.54992134 -3.21634766 -0.49603252 -1.49131774 -0.40383819 -20.877732030046776 0.0
2.0499404511878603e-13 20.766102528298546 -22.41417282 -3.81441769 -0.25109965 -1.74005077 -0.5121324 -20.86030558571673 0.0
2.1739529065097361e-13 20.732906526407138 -23.90278451 -3.13681102 -0.27938798 -0.84792977 -1.8879293 -20.766102528298546 0.0
2.2198447497594145e-13 20.716133071996016 -22.33429729 -3.74014172 -0.32255848 -1.30646602 -1.04061589 -20.732906526407138 0.0
2.381114836375969e-13 20.58864935229814 -23.55812973 -3.04680642 -0.81250513 -1.12997626 -1.35623903 -20.716133071996016 0.0
2.5452709243870463e-13 20.570831518352115 -23.64852987 -3.15890069 -0.82914855 -0.10107832 -1.14474289 -20.58864935229814 0.0
2.610939942362039e-13 20.53005521053399 -22.94604495 -3.28043503 -0.63953448 -0.80984334 -1.97767262 -20.570831518352115 0.0
2.839976081407799e-13 20.39857949965304 -23.01889482 -3.49611273 -0.50746296 -1.00906891 -0.53455542 -20.53005521053399 0.0
3.090744534887974e-13 20.349131267748522 -23.32273915 -3.17978363 -0.52055006 -0.78425105 -0.92210268 -20.39857949965304 0.0
3.5338313216485877e-13 20.13363070251824 -22.38228277 -3.7773959 -0.62636517 -1.88694115 -0.34631723 -20.349131267748522 0.0
3.955995771262557e-13 20.104078420305836 -23.21159767 -3.45346817 -0.42413356 -0.34581406 -0.36739399 -20.13363070251824 0.0
4.0463487632504287e-13 20.080403278921906 -22.68443097 -3.6690037 -0.52183464 -0.31560117 -1.86055821 -20.104078420305836 0.0
4.124747787069784e-13 20.057703191999963 -23.46872212 -3.2516884 -0.75287209 -0.23841832 -1.32739897 -20.080403278921906 0.0
4.2435869646798556e-13 20.015918830235712 -23.02747091 -3.62098511 -0.1155032 -1.86607146 -1.9682636 -20.057703191999963 0.0
4.750830832239569e-13 19.83191398735687 -22.94416708 -3.48365201 -0.09679648 -0.28112383 -1.72433704 -20.015918830235712 0.0
5.292719099031478e-13 19.784030203066095 -22.58431756 -3.54838455 -0.60259856 -1.90212046 -0.36321647 -19.83191398735687 0.0
5.50399985680351e-13 19.74544309663202 -23.96534868 -3.04848151 -0.09855486 -0.68392298 -1.97977555 -19.784030203066095 0.0
5.690564796716671e-13 19.709331084300718 -22.42327696 -3.7779923 -0.1779515 -0.77083267 -1.23134571 -19.74544309663202 0.0
5.797642846525529e-13 19.699871573594496 -22.25737304 -3.54632309 -0.70543146 -1.10651763 -1.89085416 -19.709331084300718 0.0
6.220458628784099e-13 19.565079072547302 -2.29171563e+01 -3.51595471e+00 -2.02490962e-02 -1.21863763e+00 -9.74366733e-01 -19.699871573594496 0.0
7.075983923289326e-13 19.433920540611172 -22.31718045 -3.61643171 -0.66045848 -0.51643029 -1.73768096 -19.565079072547302 0.0
7.592890224882322e-13 19.411906998645062 -23.94629701 -2.96826884 -0.79801057 -0.19699176 -1.13333184 -19.433920540611172 0.0
7.872954132475682e-13 19.354205510416065 -23.37551667 -3.44163926 -0.15836107 -0.82802169 -1.11815777 -19.411906998645062 0.0
8.784768006297764e-13 19.190602807686375 -22.73091399 -3.77908532 -0.19901197 -1.51097654 -0.04194598 -19.354205510416065 0.0
9.626618993680434e-13 19.156797620561335 -23.65049754 -3.29813481 -0.18689015 -1.42610104 -1.23245655 -19.190602807686375 0.0
1.0391197772277367e-12 19.033290169228543 -22.75461619 -3.38798184 -0.37479422 -1.93041478 -1.57485407 -19.156797620561335 0.0
1.2492755522616561e-12 18.791234871668035 -23.19649485 -3.40311729 -0.38883404 -1.80791035 -1.59934737 -19.033290169228543 0.0
1.4012390501930027e-12 18.78113345267439 -2.34587620e+01 -3.36228815e+00 -3.20888060e-01 -4.14642845e-01 -3.15415872e-05 -18.791234871668035 0.0
1.5642897207567075e-12 18.573802665713707 -22.34556245 -3.56356713 -0.9713451 -1.73604949 -1.17068299 -18.78113345267439 0.0
1.7404271469742645e-12 18.549176297057375 -23.88665427 -2.96491811 -0.61612211 -0.23199151 -1.2422422 -18.573802665713707 0.0
1.8304242825985468e-12 18.466539307889832 -22.29733456 -3.77355778 -0.39421768 -0.82662867 -0.12040277 -18.549176297057375 0.0
1.9358184970603617e-12 18.427893975180123 -23.52680551 -3.11354933 -0.47687013 -0.51490127 -1.64635115 -18.466539307889832 0.0
1.992515860730523e-12 18.400632003319696 -23.86713079 -3.1885645 -0.19653458 -0.60495577 -0.4838849 -18.427893975180123 0.0
2.7576961256164935e-12 17.845738162576904 -22.30938371 -3.70944712 -0.58899946 -1.77125887 -0.51720724 -18.400632003319696 0.0
3.53992557123842e-12 17.81741919710489 -22.31159537 -3.53279184 -0.52220232 -1.37172998 -1.90621507 -17.845738162576904 0.0
3.588269604413739e-12 17.810437063096785 -2.22970529e+01 -3.85209073e+00 -1.66740237e-03 -1.32734954e+00 -4.42719835e-01 -17.81741919710489 0.0
3.711111480522578e-12 17.743229295138335 -22.42446794 -3.78672722 -0.41299535 -0.08608225 -0.47948547 -17.810437063096785 0.0
3.895926411590236e-12 17.704498849971777 -2.24204461e+01 -3.82272852e+00 -1.33916741e-02 -4.98778980e-01 -1.79567486e+00 -17.743229295138335 0.0
4.021955960808862e-12 17.671469300952538 -22.70672862 -3.64152356 -0.89495591 -1.04207912 -0.329867 -17.704498849971777 0.0
4.103350413267435e-12 17.656229202128124 -22.80659293 -3.61739303 -0.66302721 -1.3054597 -0.22812888 -17.671469300952538 0.0
4.2754996309680026e-12 17.582588323681744 -22.63310601 -3.72786171 -0.17443057 -0.92321078 -1.133473 -17.656229202128124 0.0
4.748285659656474e-12 17.442057546838637 -23.82449749 -3.01633646 -0.75884905 -0.2331644 -1.8934037 -17.582588323681744 0.0
5.107292942374126e-12 17.423981066709263 -23.47326045 -3.32784918 -0.31004972 -1.08687428 -0.21963578 -17.442057546838637 0.0
5.449995169263451e-12 17.30749190008784 -22.4646619 -3.80049172 -0.66737388 -1.89747115 -0.10382451 -17.423981066709263 0.0
5.963476305968376e-12 17.23388304609476 -23.43279752 -3.25163361 -0.67787185 -0.32344469 -0.55121798 -17.30749190008784 0.0
6.328266520205636e-12 17.180130322614126 -23.22431895 -3.39146623 -0.38280326 -1.44438541 -0.85258615 -17.23388304609476 0.0
6.584412020318668e-12 17.14610871858956 -22.70439124 -3.48975505 -0.66867196 -1.34897532 -0.52963629 -17.180130322614126 0.0
6.709475812469325e-12 17.134260447540548 -22.32652256 -3.64117225 -0.96319533 -0.9832074 -0.62169944 -17.14610871858956 0.0
6.796428869349461e-12 17.112455481896784 -22.8126279 -3.57993939 -0.1288025 -0.75899319 -0.15644328 -17.134260447540548 0.0
6.912670242801137e-12 17.092341312795764 -23.16428436 -3.22046866 -0.87069169 -0.90154987 -1.10270231 -17.112455481896784 0.0
7.066816744552141e-12 17.060515239319955 -22.36246332 -3.70613847 -0.09924019 -1.40331965 -0.46058476 -17.092341312795764 0.0
7.183155052135054e-12 17.051467364894197 -23.32293709 -3.45960577 -0.1922565 -0.21746732 -1.74047642 -17.060515239319955 0.0
7.974573556630754e-12 16.85327574828373 -23.53930167 -3.35849704 -0.15327747 -1.09345001 -0.39448258 -17.051467364894197 0.0
8.910594826839989e-12 16.81213679862656 -22.90989548 -3.54242492 -0.71304506 -0.45081944 -0.41955492 -16.85327574828373 0.0
9.25227031463451e-12 16.770055386710585 -23.36573467 -3.36862581 -0.59411527 -0.02393712 -1.45312653 -16.81213679862656 0.0
1.02175163936073e-11 16.611517882833056 -23.42543303 -3.38283399 -0.2081476 -1.53016411 -0.9680282 -16.770055386710585 0.0
1.1336035648104006e-11 16.549004973240223 -22.31423579 -3.71332964 -0.37474188 -0.61400802 -0.47218484 -16.611517882833056 0.0
1.1696475996079781e-11 16.539975511182014 -23.99095928 -3.12514656 -0.19533251 -1.83559511 -1.58349984 -16.549004973240223 0.0
1.1902015808995099e-11 16.506441306587725 -22.73025544 -3.61701456 -0.51555769 -0.50932937 -0.91448747 -16.539975511182014 0.0
1.2288250559144315e-11 16.468204271018106 -22.82120507 -3.55738591 -0.67425453 -1.1047882 -0.50353793 -16.506441306587725 0.0
1.2697005987164337e-11 16.432957044506253 -23.13705518 -3.36563539 -0.18957199 -1.03199599 -1.02078737 -16.468204271018106 0.0
1.3658447584427419e-11 16.317269710016333 -23.48255288 -3.25284387 -0.4757786 -0.08811406 -0.63605664 -16.432957044506253 0.0
1.4425405029518896e-11 16.312369600178016 -23.02139589 -3.6549178 -0.04371564 -1.06076622 -0.21439221 -16.317269710016333 0.0
1.502950278514135e-11 16.228969588631376 -22.6278942 -3.67183053 -0.27472201 -1.08021114 -1.53371792 -16.312369600178016 0.0
1.566530122134661e-11 16.219802118561955 -22.82937617 -3.58321362 -0.31758514 -1.85436731 -1.80099872 -16.228969588631376 0.0
1.5994074900884222e-11 16.179823713548046 -23.1371433 -3.59869404 -0.0415601 -0.46643659 -0.81987059 -16.219802118561955 0.0
1.640663331813904e-11 16.16057637061118 -23.34049478 -3.27163577 -0.67281563 -0.47395824 -1.81362684 -16.179823713548046 0.0
1.7681437986751297e-11 16.02657356212589 -22.38583911 -3.74508828 -0.14946626 -0.6289485 -1.49042354 -16.16057637061118 0.0
1.9489845886979518e-11 15.954643271204564 -22.43784016 -3.6597311 -0.66150778 -0.56582744 -1.15058334 -16.02657356212589 0.0
2.165145848364055e-11 15.812018998198095 -23.11848561 -3.58424431 -0.08289602 -1.66074883 -1.70264105 -15.954643271204564 0.0
2.6434424843784994e-11 15.558424171735009 -22.55580189 -3.42601834 -0.51622436 -1.66572657 -1.13762423 -15.812018998198095 0.0
2.997321235439447e-11 15.536842847083943 -22.66770733 -3.70920186 -0.59316621 -1.04942685 -0.17720699 -15.558424171735009 0.0
3.165237361777674e-11 15.443483723006219 -23.80644988 -3.17145301 -0.02906481 -0.14390154 -0.64409232 -15.536842847083943 0.0
3.3273267964052396e-11 15.426867301162149 -22.91101647 -3.67360407 -0.07394171 -1.75874349 -0.58829928 -15.443483723006219 0.0
3.474499727704173e-11 15.35033213042709 -22.49494535 -3.6881837 -0.96879711 -0.21775704 -1.18513442 -15.426867301162149 0.0
3.6417378551786654e-11 15.323577169351395 -23.78237824 -3.03152963 -0.30889721 -1.76437267 -0.88403497 -15.35033213042709 0.0
3.8092760247436635e-11 15.253442307255677 -23.15780326 -3.21677334 -0.49832415 -1.67329722 -1.26893142 -15.323577169351395 0.0
3.970116934598234e-11 15.231768297435679 -22.31437931 -3.53863215 -0.61042497 -1.22001298 -1.40728232 -15.253442307255677 0.0
3.997478554205965e-11 15.231604328889246 -22.62392321 -3.55073309 -0.95583034 -1.48304868 -0.8806549 -15.231768297435679 0.0
4.1980722118512477e-11 15.128516598959923 -22.48447621 -3.77477964 -0.43881007 -1.7997617 -0.26596162 -15.231604328889246 0.0
4.4853437437763825e-11 15.088976103508482 -23.38554019 -3.22274017 -0.62802729 -1.27754221 -0.5690225 -15.128516598959923 0.0
4.6657367970088376e-11 15.041835960519132 -22.53510411 -3.78292626 -0.20022233 -1.23638081 -0.46010763 -15.088976103508482 0.0
4.7797234387019473e-11 15.032185997469844 -22.36765414 -3.67927827 -0.82806286 -1.83305602 -0.45783035 -15.041835960519132 0.0
4.8927819932850397e-11 14.987569514625402 -23.99695937 -3.03862725 -0.34397301 -1.17832897 -0.80492278 -15.032185997469844 0.0
5.236627749842236e-11 14.890238390318004 -22.86190803 -3.50307457 -0.48535338 -1.94777006 -0.4162855 -14.987569514625402 0.0
5.7790850881155926e-11 14.782958629602344 -22.3411691 -3.59264465 -0.37506495 -1.49855785 -1.24016788 -14.890238390318004 0.0
6.624670749980458e-11 14.613443192434294 -23.60517787 -3.35430863 -0.0880894 -1.516445 -0.70140099 -14.782958629602344 0.0
7.258689783302304e-11 14.585201355982026 -23.62070391 -3.16197563 -0.45391593 -1.92201369 -0.67916801 -14.613443192434294 0.0
7.782796999653009e-11 14.469189662920517 -22.70508815 -3.5537086 -0.26879604 -0.04499656 -1.52646099 -14.585201355982026 0.0
8.45615143850543e-11 14.408809090708749 -2.23861536e+01 -3.78566060e+00 -9.21926758e-01 -1.96003165e-01 -1.58673131e-02 -14.469189662920517 0.0
9.046437021460802e-11 14.327012848649474 -22.38016454 -3.69201496 -0.84548394 -0.45300435 -0.53218875 -14.408809090708749 0.0
9.510526133015276e-11 14.299288574035767 -22.69322777 -3.50496813 -0.24950333 -0.45335311 -1.45348538 -14.327012848649474 0.0
9.914077659245762e-11 14.236702675032575 -22.6684637 -3.77197395 -0.05896352 -0.18936631 -1.69732478 -14.299288574035767 0.0
1.0640132636610249e-10 14.15081463138965 -2.32805929e+01 -3.54563919e+00 -1.15355373e-02 -2.55067275e-01 -1.45234955e+00 -14.236702675032575 0.0
1.1300311141311587e-10 14.106961133275542 -22.40614673 -3.66494292 -0.26930044 -0.35259507 -0.56110222 -14.15081463138965 0.0
1.1853265072822073e-10 14.047682013495919 -22.78598027 -3.57570646 -0.03093344 -0.11303301 -1.68177342 -14.106961133275542 0.0
1.2360579095629282e-10 14.014555169963145 -23.33242583 -3.27460569 -0.22894959 -1.03517621 -0.98831388 -14.047682013495919 0.0
1.3041327911324897e-10 13.933830162753651 -23.46977837 -3.20644836 -0.5376176 -0.41070729 -0.50232723 -14.014555169963145 0.0
1.3549327590024385e-10 13.928522407462916 -22.3592293 -3.62376954 -0.47087792 -1.26519649 -1.26714928 -13.933830162753651 0.0
1.3825210795158183e-10 13.88597780789171 -22.45181656 -3.63479618 -0.81557283 -0.87456831 -0.31863825 -13.928522407462916 0.0
1.4942445059033364e-10 13.76813174439092 -22.9290057 -3.42396911 -0.61476824 -1.12368289 -1.17160352 -13.88597780789171 0.0
1.6544407601928944e-10 13.673096311854387 -23.61023249 -3.0721501 -0.6724647 -1.62792718 -0.56472136 -13.76813174439092 0.0
1.7461069318835235e-10 13.650170696799162 -22.69690618 -3.6394133 -0.81606799 -0.21125666 -1.98226968 -13.673096311854387 0.0
1.7846649148184163e-10 13.62150238649038 -22.59838659 -3.63854531 -0.55783382 -0.45185889 -0.07557032 -13.650170696799162 0.0
1.8266816060682375e-10 13.595608184149238 -22.44770232 -3.65201894 -0.46203721 -0.61064118 -1.9268767 -13.62150238649038 0.0
1.864916658569708e-10 13.572058615072004 -22.43787272 -3.59271887 -0.54354378 -0.37787995 -1.90434478 -13.595608184149238 0.0
1.9080997552582807e-10 13.541929453698433 -23.15291611 -3.24956391 -0.75493032 -1.40112887 -0.982097 -13.572058615072004 0.0
