0.84783 0.330149 -23.172 -3.43674 -0.00595725 -3.66775 -0.909435 -0.330149 0 
0.828439 0.376425 -23.1671 -3.43807 -0.00943172 -3.66752 -0.909264 -0.376425 0 
0.809604 0.422421 -23.165 -3.43891 -0.0116115 -3.66544 -0.908084 -0.422421 0 
0.793708 0.462078 -23.1662 -3.43729 -0.0160806 -3.66082 -0.914055 -0.462078 0 
0.863055 0.294554 -23.1663 -3.43427 -0.0120439 -3.66255 -0.908026 -0.294554 0 
0.821685 0.392796 -23.1695 -3.4369 -0.0112243 -3.6637 -0.906577 -0.392796 0 
0.882202 0.250668 -23.163 -3.43353 -0.0114512 -3.66618 -0.901329 -0.250668 0 
0.892294 0.227919 -23.1536 -3.42967 -0.010691 -3.67352 -0.889623 -0.227919 0 
0.856398 0.310039 -23.1502 -3.42601 -0.0113051 -3.67478 -0.883385 -0.310039 0 
0.89095 0.230935 -23.1511 -3.42716 -0.0177928 -3.66992 -0.88513 -0.230935 0 
0.894865 0.222166 -23.1521 -3.42841 -0.0212892 -3.66923 -0.886991 -0.222166 0 
0.872494 0.272799 -23.1533 -3.43196 -0.0223151 -3.66787 -0.89096 -0.272799 0 
0.892821 0.226738 -23.1506 -3.4281 -0.0236357 -3.6673 -0.887935 -0.226738 0 
0.893187 0.225918 -23.1493 -3.42514 -0.0268682 -3.66484 -0.885703 -0.225918 0 
0.889837 0.233433 -23.1495 -3.4275 -0.0270662 -3.66645 -0.884224 -0.233433 0 
0.886835 0.240193 -23.1514 -3.42784 -0.0273173 -3.66735 -0.886954 -0.240193 0 
0.892179 0.228176 -23.1489 -3.42597 -0.0281833 -3.67136 -0.880105 -0.228176 0 
0.892729 0.226944 -23.1499 -3.42682 -0.0263071 -3.67192 -0.877089 -0.226944 0 
0.892755 0.226887 -23.1537 -3.42663 -0.0262925 -3.67026 -0.886119 -0.226887 0 
0.892259 0.227999 -23.1512 -3.42528 -0.0297886 -3.67118 -0.887548 -0.227999 0 
0.886678 0.240548 -23.1483 -3.42078 -0.031815 -3.67223 -0.888689 -0.240548 0 
0.892548 0.22735 -23.1545 -3.42517 -0.0290183 -3.67087 -0.892844 -0.22735 0 
0.890073 0.232903 -23.157 -3.42437 -0.0306303 -3.66864 -0.897137 -0.232903 0 
0.896243 0.219088 -23.1552 -3.42367 -0.0292713 -3.66683 -0.896883 -0.219088 0 
0.872837 0.272012 -23.1555 -3.42768 -0.0297583 -3.66922 -0.898903 -0.272012 0 
0.853434 0.316975 -23.1564 -3.42956 -0.0293222 -3.66963 -0.901314 -0.316975 0 
0.851185 0.322251 -23.1592 -3.42997 -0.0273071 -3.67149 -0.902798 -0.322251 0 
0.875787 0.265265 -23.151 -3.42832 -0.0296496 -3.67122 -0.904195 -0.265265 0 
0.861717 0.297657 -23.1509 -3.42988 -0.0298215 -3.67249 -0.903167 -0.297657 0 
0.890807 0.231255 -23.1494 -3.42776 -0.0255524 -3.67468 -0.896411 -0.231255 0 
0.869464 0.279756 -23.1525 -3.43071 -0.0257678 -3.67195 -0.898373 -0.279756 0 
0.885285 0.243692 -23.1525 -3.42883 -0.0253365 -3.672 -0.895959 -0.243692 0 
0.854796 0.313785 -23.1526 -3.43029 -0.0295693 -3.67002 -0.90074 -0.313785 0 
0.8626 0.29561 -23.1492 -3.43013 -0.0298551 -3.67204 -0.902162 -0.29561 0 
0.854548 0.314365 -23.1509 -3.4313 -0.0283683 -3.67138 -0.900812 -0.314365 0 
0.791759 0.466997 -23.1521 -3.4353 -0.028853 -3.67013 -0.90311 -0.466997 0 
0.635894 0.905446 -23.1558 -3.44112 -0.031229 -3.66894 -0.908224 -0.905446 0 
0.699925 0.713563 -23.1551 -3.43829 -0.0312984 -3.66684 -0.902759 -0.713563 0 
0.760769 0.546851 -23.151 -3.43665 -0.0304718 -3.67192 -0.900208 -0.546851 0 
0.715062 0.670773 -23.1531 -3.43963 -0.0281751 -3.66938 -0.900755 -0.670773 0 
0.710736 0.682908 -23.152 -3.44074 -0.0270288 -3.66918 -0.896834 -0.682908 0 
0.720271 0.656255 -23.1493 -3.43907 -0.0310433 -3.66715 -0.894845 -0.656255 0 
0.716736 0.666097 -23.1497 -3.44074 -0.027759 -3.66774 -0.893333 -0.666097 0 
0.726823 0.638144 -23.1551 -3.43884 -0.0275467 -3.66978 -0.893653 -0.638144 0 
0.830458 0.371556 -23.1502 -3.43455 -0.0262544 -3.67402 -0.892849 -0.371556 0 
0.813964 0.411679 -23.1522 -3.43501 -0.0267284 -3.67098 -0.892358 -0.411679 0 
0.819367 0.398447 -23.1525 -3.43396 -0.0279933 -3.67139 -0.892166 -0.398447 0 
0.726436 0.639209 -23.1557 -3.43714 -0.030546 -3.67123 -0.902006 -0.639209 0 
0.739322 0.604042 -23.1551 -3.43589 -0.0320909 -3.66906 -0.904222 -0.604042 0 
0.751244 0.572049 -23.1516 -3.43523 -0.0340086 -3.67429 -0.907877 -0.572049 0 
0.85836 0.305463 -23.1466 -3.43027 -0.0314387 -3.67964 -0.905589 -0.305463 0 
0.870096 0.278304 -23.148 -3.42927 -0.0302382 -3.68089 -0.906372 -0.278304 0 
0.841945 0.344082 -23.1507 -3.43166 -0.0298499 -3.67815 -0.904232 -0.344082 0 
0.864057 0.292233 -23.1486 -3.43018 -0.0296753 -3.68062 -0.90286 -0.292233 0 
0.841345 0.345508 -23.1544 -3.43259 -0.0262452 -3.67919 -0.900447 -0.345508 0 
0.818473 0.40063 -23.1536 -3.43353 -0.0282092 -3.67884 -0.901653 -0.40063 0 
0.839735 0.349337 -23.1485 -3.43304 -0.0285144 -3.6828 -0.900301 -0.349337 0 
0.81127 0.418309 -23.15 -3.4344 -0.0293629 -3.68081 -0.898224 -0.418309 0 
0.743036 0.594023 -23.1507 -3.43484 -0.0362318 -3.67957 -0.907272 -0.594023 0 
0.7451 0.588474 -23.1464 -3.43642 -0.0349511 -3.68044 -0.910968 -0.588474 0 
0.722956 0.648813 -23.1444 -3.43572 -0.0398779 -3.67493 -0.912862 -0.648813 0 
0.750906 0.572949 -23.1405 -3.43502 -0.0400114 -3.67404 -0.91432 -0.572949 0 
0.739932 0.602394 -23.1417 -3.43579 -0.0389971 -3.67347 -0.917737 -0.602394 0 
0.766282 0.532409 -23.1359 -3.43507 -0.0398619 -3.67271 -0.917834 -0.532409 0 
0.829832 0.373064 -23.134 -3.43294 -0.0351485 -3.67655 -0.912549 -0.373064 0 
0.826983 0.379943 -23.1367 -3.43222 -0.0364265 -3.67312 -0.91608 -0.379943 0 
0.72096 0.654345 -23.1404 -3.43491 -0.0433725 -3.66558 -0.926102 -0.654345 0 
0.656036 0.843078 -23.1442 -3.43717 -0.0434886 -3.66164 -0.929764 -0.843078 0 
0.652634 0.853478 -23.1439 -3.43839 -0.0415828 -3.6613 -0.924625 -0.853478 0 
0.608526 0.993432 -23.1426 -3.43936 -0.0445555 -3.65636 -0.926808 -0.993432 0 
0.623163 0.945893 -23.1416 -3.43934 -0.0436136 -3.65771 -0.929191 -0.945893 0 
0.545187 1.21325 -23.1406 -3.44141 -0.0474382 -3.65505 -0.931022 -1.21325 0 
0.568077 1.131 -23.1444 -3.44181 -0.0423151 -3.65589 -0.930339 -1.131 0 
0.651597 0.856657 -23.1379 -3.43886 -0.043703 -3.65842 -0.927273 -0.856657 0 
1.23861 0.958314 -23.1408 -3.44054 -0.0419845 -3.66206 -0.926837 -0.958314 0 
0.767415 0.529455 -23.1372 -3.43426 -0.0406829 -3.66501 -0.923614 -0.529455 0 
0.721264 0.653499 -23.1402 -3.43731 -0.0385014 -3.66336 -0.923202 -0.653499 0 
0.794653 0.459701 -23.1433 -3.43443 -0.0340738 -3.66264 -0.922491 -0.459701 0 
0.707191 0.69291 -23.1489 -3.43893 -0.0321003 -3.66416 -0.925935 -0.69291 0 
0.68672 0.751656 -23.1471 -3.44111 -0.0307007 -3.66698 -0.925089 -0.751656 0 
0.636367 0.903961 -23.1448 -3.44346 -0.0319839 -3.66666 -0.929359 -0.903961 0 
0.613244 0.977986 -23.1471 -3.44358 -0.0327359 -3.66818 -0.930062 -0.977986 0 
0.622056 0.949451 -23.1484 -3.44232 -0.0337973 -3.67033 -0.929128 -0.949451 0 
0.506589 1.36011 -23.1522 -3.44511 -0.0367684 -3.668 -0.935023 -1.36011 0 
0.508938 1.35086 -23.1544 -3.44535 -0.034813 -3.66902 -0.933277 -1.35086 0 
0.547156 1.20604 -23.1545 -3.44373 -0.0344436 -3.66923 -0.935127 -1.20604 0 
0.595952 1.03519 -23.1525 -3.44155 -0.035572 -3.67031 -0.931389 -1.03519 0 
0.64461 0.87822 -23.1541 -3.43837 -0.0365834 -3.6692 -0.930391 -0.87822 0 
0.738325 0.606743 -23.149 -3.43472 -0.0373922 -3.66981 -0.929987 -0.606743 0 
0.759221 0.550924 -23.1456 -3.43265 -0.0411393 -3.66826 -0.92736 -0.550924 0 
0.845082 0.336644 -23.1426 -3.42768 -0.0404204 -3.67007 -0.925623 -0.336644 0 
0.87337 0.270792 -23.1367 -3.42222 -0.0438479 -3.67161 -0.919412 -0.270792 0 
0.867777 0.283641 -23.1454 -3.4238 -0.0427752 -3.66793 -0.919749 -0.283641 0 
0.797645 0.452184 -23.1457 -3.42907 -0.0438767 -3.66474 -0.922298 -0.452184 0 
0.857571 0.307303 -23.1456 -3.42596 -0.0407039 -3.66434 -0.916332 -0.307303 0 
0.882237 0.25059 -23.1448 -3.4252 -0.0353633 -3.6708 -0.909426 -0.25059 0 
0.888536 0.23636 -23.1479 -3.42377 -0.0349536 -3.6698 -0.910194 -0.23636 0 
0.854086 0.315446 -23.147 -3.42593 -0.0409841 -3.66623 -0.91484 -0.315446 0 
0.836415 0.35726 -23.1477 -3.42673 -0.04219 -3.66796 -0.915239 -0.35726 0 
0.7987 0.44954 -23.1521 -3.42845 -0.0419275 -3.66468 -0.911879 -0.44954 0 
0.751739 0.570733 -23.1549 -3.43115 -0.0404259 -3.6616 -0.911034 -0.570733 0 
0.744829 0.5892 -23.1529 -3.43068 -0.0432884 -3.66414 -0.913271 -0.5892 0 
1.513 0.558105 -23.1525 -3.42944 -0.0447578 -3.66242 -0.913195 -0.558105 0 
0.627668 0.931489 -23.1587 -3.43278 -0.0471821 -3.65856 -0.918818 -0.931489 0 
0.664852 0.816383 -23.1571 -3.43088 -0.0484899 -3.65908 -0.920547 -0.816383 0 
0.746838 0.583814 -23.1537 -3.42759 -0.0488482 -3.66138 -0.917061 -0.583814 0 
0.657607 0.838294 -23.1581 -3.42927 -0.0518427 -3.65865 -0.922826 -0.838294 0 
0.732884 0.621536 -23.1562 -3.42865 -0.0467028 -3.66136 -0.918187 -0.621536 0 
0.803409 0.437783 -23.1533 -3.42686 -0.0440167 -3.66728 -0.907454 -0.437783 0 
0.768003 0.527924 -23.1536 -3.42571 -0.050536 -3.66429 -0.908256 -0.527924 0 
0.787857 0.476878 -23.1486 -3.42334 -0.0558518 -3.66166 -0.907911 -0.476878 0 
0.822103 0.39178 -23.145 -3.42201 -0.0557282 -3.66335 -0.906681 -0.39178 0 
0.795369 0.457899 -23.1476 -3.42378 -0.0544028 -3.664 -0.913988 -0.457899 0 
0.776345 0.506316 -23.1502 -3.42536 -0.0519536 -3.6619 -0.920148 -0.506316 0 
0.850498 0.323866 -23.1526 -3.42249 -0.0460333 -3.66773 -0.918357 -0.323866 0 
1.67764 0.351521 -23.1539 -3.42421 -0.0438193 -3.66996 -0.918283 -0.351521 0 
0.783954 0.48681 -23.1519 -3.42744 -0.0458535 -3.67276 -0.918174 -0.48681 0 
0.777028 0.504559 -23.1517 -3.427 -0.0476216 -3.67173 -0.92349 -0.504559 0 
0.741808 0.597331 -23.1503 -3.42689 -0.0526686 -3.66579 -0.925253 -0.597331 0 
0.787295 0.478303 -23.1486 -3.42605 -0.0499608 -3.66933 -0.924163 -0.478303 0 
0.853138 0.317667 -23.1473 -3.42371 -0.045575 -3.67465 -0.918959 -0.317667 0 
0.762204 0.543082 -23.148 -3.42792 -0.049558 -3.67357 -0.921724 -0.543082 0 
0.705473 0.697775 -23.1446 -3.43057 -0.0520573 -3.67401 -0.924886 -0.697775 0 
0.77162 0.518527 -23.1436 -3.4281 -0.0500933 -3.67266 -0.928707 -0.518527 0 
0.696022 0.724747 -23.1398 -3.43019 -0.0560778 -3.66936 -0.934266 -0.724747 0 
0.64218 0.885773 -23.1432 -3.4328 -0.0543389 -3.66839 -0.937502 -0.885773 0 
0.622441 0.948213 -23.1452 -3.43179 -0.05723 -3.66303 -0.939327 -0.948213 0 
0.576619 1.10115 -23.1496 -3.43364 -0.0552225 -3.66107 -0.943036 -1.10115 0 
1.26202 0.920871 -23.1526 -3.43138 -0.052954 -3.66222 -0.943531 -0.920871 0 
0.715032 0.670856 -23.1464 -3.42923 -0.0524846 -3.66579 -0.940162 -0.670856 0 
0.697529 0.720421 -23.1492 -3.42893 -0.0533746 -3.66763 -0.943138 -0.720421 0 
0.676968 0.780263 -23.1427 -3.4288 -0.0592352 -3.6668 -0.944729 -0.780263 0 
0.604398 1.00704 -23.1422 -3.42961 -0.065049 -3.66718 -0.946542 -1.00704 0 
0.730462 0.628155 -23.1336 -3.42386 -0.0682198 -3.6704 -0.943274 -0.628155 0 
0.681202 0.767793 -23.1324 -3.42435 -0.0732319 -3.66581 -0.946657 -0.767793 0 
0.617182 0.965181 -23.1329 -3.42637 -0.0752638 -3.66142 -0.951904 -0.965181 0 
0.53961 1.23382 -23.1351 -3.4296 -0.0750772 -3.66083 -0.952918 -1.23382 0 
0.53879 1.23686 -23.1334 -3.42989 -0.0755435 -3.6599 -0.948426 -1.23686 0 
0.489117 1.43031 -23.1342 -3.4307 -0.0784714 -3.65778 -0.946539 -1.43031 0 
0.471396 1.50412 -23.1308 -3.4305 -0.0823863 -3.66044 -0.950865 -1.50412 0 
0.490423 1.42498 -23.1347 -3.42938 -0.0806004 -3.6619 -0.953365 -1.42498 0 
0.655496 0.844726 -23.129 -3.42456 -0.0771174 -3.66553 -0.947665 -0.844726 0 
0.688551 0.746332 -23.1249 -3.42331 -0.0779478 -3.66493 -0.945509 -0.746332 0 
0.736884 0.610648 -23.1216 -3.41999 -0.0802234 -3.66553 -0.946137 -0.610648 0 
0.645212 0.876352 -23.1207 -3.42251 -0.086206 -3.66335 -0.948585 -0.876352 0 
0.564462 1.14377 -23.1181 -3.42418 -0.0924311 -3.66308 -0.951117 -1.14377 0 
0.590946 1.05206 -23.1191 -3.42427 -0.0892275 -3.66516 -0.944036 -1.05206 0 
0.530502 1.26786 -23.1179 -3.42694 -0.0903949 -3.66646 -0.947111 -1.26786 0 
0.603177 1.01109 -23.1153 -3.42439 -0.0893715 -3.66741 -0.94181 -1.01109 0 
0.628162 0.929914 -23.1123 -3.42448 -0.0874804 -3.66714 -0.941457 -0.929914 0 
0.649636 0.862687 -23.1127 -3.42392 -0.0859574 -3.66414 -0.942624 -0.862687 0 
0.757692 0.554956 -23.1048 -3.41742 -0.0850868 -3.6673 -0.934996 -0.554956 0 
0.696967 0.722035 -23.1105 -3.42246 -0.0839445 -3.66773 -0.937567 -0.722035 0 
0.618525 0.960834 -23.1081 -3.42614 -0.086456 -3.66565 -0.942243 -0.960834 0 
0.625741 0.937638 -23.1084 -3.42629 -0.0852318 -3.66482 -0.941393 -0.937638 0 
0.582286 1.08159 -23.1133 -3.42578 -0.0893148 -3.66077 -0.946447 -1.08159 0 
0.627493 0.932045 -23.116 -3.425 -0.0850014 -3.66593 -0.943207 -0.932045 0 
0.60271 1.01264 -23.1162 -3.4254 -0.0867522 -3.66638 -0.944476 -1.01264 0 
0.5744 1.10886 -23.1139 -3.42539 -0.0909115 -3.66359 -0.943611 -1.10886 0 
0.875259 1.65277 -23.1163 -3.42912 -0.0962136 -3.6596 -0.953165 -1.65277 0 
0.388387 1.89151 -23.1164 -3.43153 -0.0965562 -3.658 -0.951674 -1.89151 0 
0.445703 1.6162 -23.1147 -3.43087 -0.0927014 -3.66129 -0.94532 -1.6162 0 
0.462359 1.54283 -23.1151 -3.42988 -0.0928412 -3.66224 -0.944216 -1.54283 0 
0.514317 1.32983 -23.1126 -3.42899 -0.0904142 -3.66321 -0.940528 -1.32983 0 
0.613196 0.978141 -23.1074 -3.42398 -0.0923334 -3.66516 -0.935757 -0.978141 0 
0.569969 1.12435 -23.1068 -3.42569 -0.0938039 -3.66499 -0.937572 -1.12435 0 
0.591871 1.04893 -23.1094 -3.42698 -0.0876255 -3.66392 -0.935295 -1.04893 0 
0.541294 1.22759 -23.1111 -3.431 -0.0840163 -3.66511 -0.934508 -1.22759 0 
0.520166 1.30721 -23.1099 -3.43121 -0.0864162 -3.66065 -0.934104 -1.30721 0 
0.51781 1.31629 -23.1102 -3.43189 -0.0850827 -3.65887 -0.934788 -1.31629 0 
0.44839 1.60418 -23.1139 -3.43489 -0.0844886 -3.65776 -0.937027 -1.60418 0 
0.578641 1.09415 -23.1094 -3.42903 -0.084858 -3.65963 -0.932636 -1.09415 0 
0.651523 0.856886 -23.1051 -3.42612 -0.0837314 -3.66127 -0.932152 -0.856886 0 
0.620391 0.95481 -23.1098 -3.42676 -0.0847738 -3.66106 -0.932867 -0.95481 0 
0.665673 0.813912 -23.1091 -3.42465 -0.0840368 -3.65993 -0.931172 -0.813912 0 
0.724227 0.645301 -23.1058 -3.42198 -0.0820322 -3.66225 -0.929898 -0.645301 0 
0.633281 0.913683 -23.1088 -3.4275 -0.0819339 -3.65908 -0.932742 -0.913683 0 
0.691324 0.738292 -23.1071 -3.42506 -0.0805398 -3.66481 -0.923959 -0.738292 0 
0.703234 0.704131 -23.1016 -3.42331 -0.0835394 -3.66421 -0.920892 -0.704131 0 
0.735227 0.615153 -23.0992 -3.4199 -0.084598 -3.66437 -0.922287 -0.615153 0 
0.700259 0.71261 -23.0967 -3.42174 -0.0873471 -3.66392 -0.925461 -0.71261 0 
0.721777 0.652077 -23.0925 -3.41968 -0.0859352 -3.66761 -0.921605 -0.652077 0 
0.746022 0.586001 -23.0932 -3.41501 -0.0859156 -3.66487 -0.916246 -0.586001 0 
0.726029 0.640329 -23.0903 -3.41214 -0.0840834 -3.66461 -0.914241 -0.640329 0 
0.734917 0.615996 -23.0915 -3.41356 -0.0829803 -3.65785 -0.91709 -0.615996 0 
0.75108 0.572486 -23.0954 -3.41616 -0.0839474 -3.65604 -0.922948 -0.572486 0 
0.744276 0.590686 -23.0929 -3.41472 -0.0853955 -3.65278 -0.920111 -0.590686 0 
0.734003 0.618483 -23.0901 -3.41239 -0.0890051 -3.65222 -0.916137 -0.618483 0 
0.719178 0.659292 -23.0872 -3.41312 -0.0872158 -3.65175 -0.912203 -0.659292 0 
0.738427 0.606466 -23.0917 -3.41102 -0.0881857 -3.64903 -0.916275 -0.606466 0 
0.725305 0.642325 -23.0889 -3.41033 -0.0901808 -3.64797 -0.913864 -0.642325 0 
0.709431 0.686583 -23.0875 -3.41051 -0.0870342 -3.65114 -0.913382 -0.686583 0 
0.672528 0.793422 -23.0837 -3.40878 -0.0873012 -3.65586 -0.910533 -0.793422 0 
0.655778 0.843867 -23.0793 -3.409 -0.090279 -3.6562 -0.910188 -0.843867 0 
0.663102 0.821653 -23.0804 -3.40875 -0.0906811 -3.65671 -0.910324 -0.821653 0 
0.672337 0.79399 -23.081 -3.40974 -0.0900083 -3.65432 -0.911955 -0.79399 0 
0.716867 0.665729 -23.0892 -3.4161 -0.0939674 -3.64813 -0.918973 -0.665729 0 
0.714861 0.671335 -23.0872 -3.41514 -0.0948187 -3.64953 -0.917377 -0.671335 0 
0.713284 0.675752 -23.0852 -3.41183 -0.0930628 -3.65557 -0.914414 -0.675752 0 
0.720675 0.655135 -23.0869 -3.41439 -0.0912489 -3.65856 -0.913459 -0.655135 0 
0.694213 0.729952 -23.0838 -3.4111 -0.0884294 -3.66215 -0.908715 -0.729952 0 
0.717485 0.664006 -23.0866 -3.41394 -0.0868082 -3.65782 -0.91086 -0.664006 0 
0.732857 0.621609 -23.0901 -3.41427 -0.0843128 -3.65399 -0.909147 -0.621609 0 
0.727602 0.636003 -23.0895 -3.41375 -0.0834985 -3.65433 -0.906139 -0.636003 0 
0.731464 0.625414 -23.0908 -3.41604 -0.0898623 -3.65252 -0.913411 -0.625414 0 
0.724672 0.644073 -23.0924 -3.41729 -0.0912611 -3.64879 -0.915496 -0.644073 0 
0.7112 0.681604 -23.0885 -3.41649 -0.0952507 -3.64496 -0.912221 -0.681604 0 
0.701391 0.709378 -23.0927 -3.41837 -0.0951463 -3.64177 -0.913906 -0.709378 0 
0.72832 0.63403 -23.0919 -3.41681 -0.0910929 -3.64856 -0.912141 -0.63403 0 
0.724238 0.64527 -23.0892 -3.41193 -0.0856449 -3.65054 -0.902498 -0.64527 0 
0.671893 0.795314 -23.0852 -3.40934 -0.0836406 -3.65371 -0.893995 -0.795314 0 
0.589436 1.05718 -23.0883 -3.4052 -0.0760797 -3.65758 -0.89345 -1.05718 0 
0.669243 0.803217 -23.0907 -3.40699 -0.0806062 -3.65311 -0.897936 -0.803217 0 
0.636233 0.904381 -23.0914 -3.40415 -0.080697 -3.65405 -0.897403 -0.904381 0 
0.73376 0.619145 -23.0948 -3.40846 -0.084374 -3.64847 -0.902479 -0.619145 0 
1.38142 0.740078 -23.0933 -3.40624 -0.0823126 -3.6497 -0.894292 -0.740078 0 
0.715082 0.670717 -23.0944 -3.40754 -0.0826457 -3.65147 -0.892925 -0.670717 0 
0.704004 0.701941 -23.0931 -3.40638 -0.0846275 -3.65324 -0.893664 -0.701941 0 
0.702744 0.705526 -23.0908 -3.40575 -0.0887468 -3.65539 -0.892081 -0.705526 0 
0.705715 0.697088 -23.0954 -3.40577 -0.083164 -3.65529 -0.884844 -0.697088 0 
0.724072 0.64573 -23.0946 -3.40617 -0.0869593 -3.65141 -0.890263 -0.64573 0 
0.647777 0.868418 -23.092 -3.40145 -0.087295 -3.65227 -0.884431 -0.868418 0 
0.629796 0.924718 -23.0894 -3.40093 -0.0888598 -3.65437 -0.883492 -0.924718 0 
0.647044 0.870681 -23.094 -3.40131 -0.0852954 -3.65488 -0.88508 -0.870681 0 
0.639215 0.895029 -23.0951 -3.39959 -0.0866236 -3.65327 -0.885967 -0.895029 0 
0.727935 0.635086 -23.1023 -3.40204 -0.0861545 -3.65059 -0.888114 -0.635086 0 
0.744992 0.588763 -23.1052 -3.40301 -0.0836889 -3.64925 -0.884225 -0.588763 0 
0.807632 0.427296 -23.1106 -3.40887 -0.0790821 -3.64707 -0.885097 -0.427296 0 
0.819754 0.397502 -23.1118 -3.41014 -0.0844288 -3.64496 -0.886496 -0.397502 0 
0.791079 0.468715 -23.105 -3.41002 -0.0811627 -3.64856 -0.884054 -0.468715 0 
0.812226 0.415953 -23.1096 -3.41192 -0.0822977 -3.64837 -0.89006 -0.415953 0 
0.805226 0.433266 -23.1095 -3.41277 -0.0853873 -3.64458 -0.892696 -0.433266 0 
0.727046 0.637531 -23.1136 -3.41896 -0.0880664 -3.64348 -0.901928 -0.637531 0 
0.740742 0.600206 -23.1103 -3.41746 -0.0898848 -3.64253 -0.90469 -0.600206 0 
0.759387 0.550487 -23.1116 -3.41761 -0.0863885 -3.64892 -0.900244 -0.550487 0 
1.42844 0.67313 -23.1159 -3.41929 -0.0884552 -3.64985 -0.900513 -0.67313 0 
0.756157 0.559012 -23.1128 -3.41754 -0.0869012 -3.65108 -0.900191 -0.559012 0 
0.755007 0.562057 -23.1097 -3.4176 -0.0876001 -3.65301 -0.896755 -0.562057 0 
0.779597 0.497957 -23.113 -3.41538 -0.0873859 -3.65169 -0.896332 -0.497957 0 
0.77984 0.497334 -23.111 -3.41436 -0.0897096 -3.64912 -0.89479 -0.497334 0 
0.743014 0.594081 -23.1111 -3.41569 -0.0933701 -3.64774 -0.89995 -0.594081 0 
0.688188 0.747386 -23.1184 -3.419 -0.0914196 -3.64524 -0.901025 -0.747386 0 
0.726367 0.639401 -23.1226 -3.41734 -0.0885535 -3.64464 -0.900925 -0.639401 0 
0.772966 0.51504 -23.1224 -3.41474 -0.0877139 -3.64921 -0.898931 -0.51504 0 
0.620778 0.953565 -23.1282 -3.42065 -0.0906251 -3.64573 -0.909295 -0.953565 0 
0.557742 1.16772 -23.1255 -3.42428 -0.0908623 -3.64955 -0.908765 -1.16772 0 
0.503083 1.374 -23.1308 -3.42536 -0.0914065 -3.64673 -0.905386 -1.374 0 
0.45991 1.55345 -23.13 -3.42721 -0.0922438 -3.64689 -0.907633 -1.55345 0 
0.39147 1.87569 -23.1316 -3.42862 -0.0954748 -3.64137 -0.91117 -1.87569 0 
0.368885 1.99454 -23.1346 -3.42915 -0.0950301 -3.64114 -0.913175 -1.99454 0 
0.417606 1.74644 -23.1345 -3.42955 -0.0890627 -3.64558 -0.911585 -1.74644 0 
0.417908 1.74499 -23.1396 -3.43078 -0.0835826 -3.64721 -0.907698 -1.74499 0 
0.405723 1.80417 -23.1443 -3.43022 -0.0831597 -3.64821 -0.908788 -1.80417 0 
0.386523 1.90113 -23.1413 -3.43122 -0.0848397 -3.64985 -0.910586 -1.90113 0 
0.365326 2.01393 -23.1386 -3.43065 -0.0899434 -3.65109 -0.912984 -2.01393 0 
0.294443 2.44534 -23.1414 -3.43354 -0.0903267 -3.652 -0.917705 -2.44534 0 
0.22486 2.98456 -23.1385 -3.43682 -0.0944952 -3.64715 -0.921596 -2.98456 0 
0.187874 3.34397 -23.1362 -3.43939 -0.0963774 -3.64406 -0.920475 -3.34397 0 
0.143344 3.88502 -23.1404 -3.44133 -0.0977931 -3.64234 -0.922976 -3.88502 0 
0.129558 4.08725 -23.1419 -3.44268 -0.0968923 -3.64433 -0.923905 -4.08725 0 
0.287563 3.87892 -23.1429 -3.44139 -0.0960432 -3.64689 -0.92084 -3.87892 0 
0.136793 3.97857 -23.1453 -3.4437 -0.0911777 -3.65099 -0.918456 -3.97857 0 
0.118364 4.26798 -23.1484 -3.44432 -0.0919489 -3.64771 -0.919987 -4.26798 0 
0.0890068 4.83809 -23.1483 -3.44692 -0.0941491 -3.64445 -0.924513 -4.83809 0 
0.0751813 5.17571 -23.1495 -3.44729 -0.09687 -3.64285 -0.927577 -5.17571 0 
0.144178 5.25971 -23.1426 -3.44746 -0.102033 -3.64307 -0.930252 -5.25971 0 
0.0832577 4.97163 -23.1426 -3.445 -0.103463 -3.64492 -0.92907 -4.97163 0 
0.0982198 4.6411 -23.1418 -3.44447 -0.100785 -3.65031 -0.927005 -4.6411 0 
0.158857 3.6795 -23.1387 -3.44084 -0.0969126 -3.65401 -0.921183 -3.6795 0 
0.242432 2.83407 -23.1345 -3.43651 -0.0951199 -3.65836 -0.918871 -2.83407 0 
0.189952 3.32197 -23.1378 -3.43924 -0.0952389 -3.65465 -0.924405 -3.32197 0 
0.195904 3.26027 -23.1334 -3.44192 -0.0913642 -3.65785 -0.921076 -3.26027 0 
0.179734 3.43255 -23.1383 -3.44281 -0.0891525 -3.65487 -0.923241 -3.43255 0 
0.190776 3.31331 -23.1428 -3.4422 -0.0858071 -3.65644 -0.923579 -3.31331 0 
0.193984 3.27996 -23.1403 -3.44196 -0.0872322 -3.65801 -0.925127 -3.27996 0 
0.156064 3.71498 -23.1452 -3.44426 -0.0859055 -3.65353 -0.928489 -3.71498 0 
0.429666 3.07579 -23.1406 -3.44092 -0.0858652 -3.65658 -0.928561 -3.07579 0 
0.219212 3.03543 -23.1408 -3.43962 -0.0878146 -3.65516 -0.92782 -3.03543 0 
0.280166 2.54474 -23.1405 -3.43855 -0.0820667 -3.66142 -0.921229 -2.54474 0 
0.264841 2.65725 -23.1444 -3.4388 -0.0810816 -3.66075 -0.923761 -2.65725 0 
0.356178 2.06465 -23.1409 -3.43538 -0.0794725 -3.66341 -0.920496 -2.06465 0 
0.322911 2.26076 -23.1426 -3.43586 -0.0811801 -3.66328 -0.922467 -2.26076 0 
0.595465 2.42312 -23.1419 -3.43689 -0.0823717 -3.65695 -0.924603 -2.42312 0 
0.31485 2.31132 -23.1403 -3.434 -0.0873482 -3.65522 -0.923716 -2.31132 0 
0.330231 2.21593 -23.1417 -3.434 -0.0847529 -3.65666 -0.922072 -2.21593 0 
0.417168 1.74853 -23.1408 -3.43056 -0.083105 -3.65613 -0.916758 -1.74853 0 
0.50964 1.3481 -23.133 -3.42871 -0.0823116 -3.66163 -0.909989 -1.3481 0 
0.544104 1.21723 -23.134 -3.42757 -0.0808043 -3.66307 -0.906767 -1.21723 0 
0.562294 1.15146 -23.1327 -3.4263 -0.0824445 -3.66254 -0.904703 -1.15146 0 
0.546022 1.21019 -23.1314 -3.4265 -0.0844382 -3.66176 -0.903263 -1.21019 0 
0.602366 1.01378 -23.1305 -3.42529 -0.0818763 -3.6682 -0.899501 -1.01378 0 
0.583003 1.07912 -23.1323 -3.42641 -0.0804689 -3.66676 -0.901274 -1.07912 0 
0.644429 0.878781 -23.1292 -3.42422 -0.0804967 -3.66784 -0.897861 -0.878781 0 
0.65482 0.846789 -23.1281 -3.42469 -0.0788783 -3.66904 -0.900418 -0.846789 0 
0.562847 1.14949 -23.1263 -3.42721 -0.0838259 -3.66486 -0.907114 -1.14949 0 
0.56332 1.14782 -23.1254 -3.42702 -0.0846737 -3.66604 -0.904884 -1.14782 0 
0.621167 0.952312 -23.1244 -3.42633 -0.0807204 -3.6694 -0.902036 -0.952312 0 
0.594185 1.04113 -23.1253 -3.42883 -0.0778083 -3.67392 -0.902841 -1.04113 0 
0.556216 1.1732 -23.119 -3.42776 -0.0869148 -3.67135 -0.906954 -1.1732 0 
0.62018 0.955492 -23.1201 -3.42593 -0.0836367 -3.67251 -0.903018 -0.955492 0 
0.686265 0.752984 -23.12 -3.42649 -0.0753348 -3.67456 -0.894314 -0.752984 0 
0.79291 0.464091 -23.1179 -3.42203 -0.0702959 -3.67865 -0.886513 -0.464091 0 
1.582 0.468913 -23.114 -3.42254 -0.0698245 -3.68269 -0.886514 -0.468913 0 
0.75118 0.572219 -23.1173 -3.42592 -0.0689925 -3.68449 -0.891336 -0.572219 0 
0.829029 0.375 -23.1159 -3.41978 -0.0608521 -3.68913 -0.886667 -0.375 0 
0.820214 0.39638 -23.1131 -3.42092 -0.0611264 -3.68575 -0.884441 -0.39638 0 
0.828478 0.37633 -23.1157 -3.42127 -0.0579503 -3.68856 -0.882554 -0.37633 0 
0.834729 0.361297 -23.1181 -3.42157 -0.0566887 -3.68829 -0.883347 -0.361297 0 
0.828959 0.375169 -23.1162 -3.42206 -0.0572055 -3.68667 -0.882951 -0.375169 0 
0.806223 0.430791 -23.11 -3.42088 -0.0567504 -3.69158 -0.878776 -0.430791 0 
0.796436 0.455218 -23.1086 -3.42149 -0.0541463 -3.69216 -0.876875 -0.455218 0 
0.784062 0.486535 -23.1058 -3.41961 -0.0583602 -3.68787 -0.875041 -0.486535 0 
0.756892 0.557069 -23.101 -3.41926 -0.0591971 -3.68728 -0.871149 -0.557069 0 
0.731282 0.625911 -23.0977 -3.41942 -0.0578529 -3.69144 -0.87054 -0.625911 0 
0.776362 0.506272 -23.1023 -3.42113 -0.0593549 -3.6891 -0.869855 -0.506272 0 
0.772301 0.516762 -23.1047 -3.42174 -0.0525795 -3.69163 -0.866588 -0.516762 0 
0.7069 0.693733 -23.104 -3.41649 -0.0519597 -3.69327 -0.864149 -0.693733 0 
0.795183 0.458366 -23.1118 -3.42083 -0.0496218 -3.69261 -0.865001 -0.458366 0 
0.768578 0.526427 -23.1112 -3.41894 -0.0485426 -3.69423 -0.86199 -0.526427 0 
0.731277 0.625926 -23.1099 -3.41729 -0.0475662 -3.69894 -0.855652 -0.625926 0 
0.75479 0.562633 -23.108 -3.41907 -0.0496507 -3.69526 -0.858599 -0.562633 0 
0.698422 0.717862 -23.1025 -3.41877 -0.0479167 -3.69476 -0.851654 -0.717862 0 
0.771559 0.518685 -23.1026 -3.42174 -0.0555782 -3.69257 -0.856036 -0.518685 0 
0.78395 0.48682 -23.1027 -3.42354 -0.057729 -3.69185 -0.861665 -0.48682 0 
0.775516 0.508452 -23.1034 -3.4263 -0.0642688 -3.68257 -0.865523 -0.508452 0 
0.695503 0.72624 -23.1097 -3.43045 -0.0699876 -3.67789 -0.874703 -0.72624 0 
0.695131 0.72731 -23.1082 -3.43061 -0.0701526 -3.68161 -0.873298 -0.72731 0 
0.741697 0.59763 -23.0956 -3.4264 -0.0705783 -3.68376 -0.868801 -0.59763 0 
0.742497 0.595472 -23.0974 -3.42616 -0.0717036 -3.67988 -0.871264 -0.595472 0 
0.739699 0.603024 -23.0942 -3.42448 -0.0743247 -3.67986 -0.874056 -0.603024 0 
0.727801 0.635456 -23.0945 -3.42702 -0.0724632 -3.68214 -0.873284 -0.635456 0 
0.66252 0.82341 -23.0939 -3.43014 -0.0783198 -3.67715 -0.87723 -0.82341 0 
0.640476 0.891088 -23.0937 -3.43203 -0.0777972 -3.67731 -0.873217 -0.891088 0 
0.537214 1.24272 -23.0976 -3.43592 -0.0816006 -3.67318 -0.876521 -1.24272 0 
0.406488 1.8004 -23.1005 -3.441 -0.084578 -3.67005 -0.880769 -1.8004 0 
0.744081 1.97751 -23.1005 -3.44253 -0.085427 -3.67462 -0.880639 -1.97751 0 
0.334212 2.19196 -23.1028 -3.4428 -0.0883062 -3.6715 -0.884702 -2.19196 0 
0.240789 2.84767 -23.1049 -3.44777 -0.0893549 -3.6685 -0.885543 -2.84767 0 
0.402508 1.82008 -23.1021 -3.44119 -0.0840496 -3.67641 -0.87844 -1.82008 0 
0.421621 1.7273 -23.0959 -3.43994 -0.0871112 -3.67951 -0.878815 -1.7273 0 
0.428551 1.69469 -23.0969 -3.43874 -0.0882441 -3.67256 -0.883477 -1.69469 0 
0.389292 1.88685 -23.0995 -3.44029 -0.0882421 -3.67065 -0.889499 -1.88685 0 
0.350387 2.09744 -23.1022 -3.44187 -0.0882514 -3.66818 -0.891323 -2.09744 0 
0.290336 2.47344 -23.1052 -3.44419 -0.0896482 -3.66654 -0.889526 -2.47344 0 
0.297146 2.42706 -23.1076 -3.44345 -0.0891074 -3.66659 -0.889487 -2.42706 0 
0.22958 2.94301 -23.1099 -3.44544 -0.0928716 -3.66611 -0.898233 -2.94301 0 
0.327718 2.2312 -23.1063 -3.44026 -0.0924312 -3.67021 -0.895592 -2.2312 0 
0.36345 2.02423 -23.1078 -3.43866 -0.0907853 -3.66688 -0.893766 -2.02423 0 
0.785853 1.86827 -23.1059 -3.43786 -0.0899755 -3.66706 -0.893073 -1.86827 0 
0.352671 2.08444 -23.1077 -3.44199 -0.0851758 -3.66914 -0.88945 -2.08444 0 
0.439962 1.64214 -23.1015 -3.43866 -0.0850931 -3.67075 -0.884491 -1.64214 0 
0.503186 1.37359 -23.0991 -3.43765 -0.0811979 -3.67723 -0.878812 -1.37359 0 
0.465912 1.52752 -23.0981 -3.43888 -0.0831175 -3.67635 -0.881893 -1.52752 0 
0.416012 1.75408 -23.1063 -3.44162 -0.0794043 -3.67238 -0.882749 -1.75408 0 
0.431312 1.68185 -23.1032 -3.44039 -0.0819277 -3.67287 -0.87715 -1.68185 0 
0.466744 1.52395 -23.0958 -3.4389 -0.0841799 -3.67928 -0.875247 -1.52395 0 
0.550715 1.19308 -23.097 -3.43688 -0.0783298 -3.68463 -0.870918 -1.19308 0 
0.553358 1.1835 -23.0963 -3.43432 -0.0836904 -3.68167 -0.873737 -1.1835 0 
0.569356 1.1265 -23.1002 -3.43302 -0.0833498 -3.68232 -0.872226 -1.1265 0 
0.560942 1.15627 -23.0989 -3.43294 -0.0850374 -3.6829 -0.870932 -1.15627 0 
0.544835 1.21454 -23.0988 -3.43463 -0.0835305 -3.68305 -0.866512 -1.21454 0 
0.539012 1.23603 -23.1027 -3.43574 -0.0804229 -3.68124 -0.865466 -1.23603 0 
0.586764 1.06626 -23.107 -3.43531 -0.0741321 -3.68649 -0.866863 -1.06626 0 
0.585569 1.07034 -23.1139 -3.4356 -0.0710263 -3.68497 -0.863013 -1.07034 0 
0.602813 1.0123 -23.1074 -3.43593 -0.0712653 -3.68787 -0.856331 -1.0123 0 
0.604722 1.00597 -23.1053 -3.43539 -0.0729498 -3.69047 -0.856529 -1.00597 0 
0.619263 0.958449 -23.1056 -3.43557 -0.070848 -3.69206 -0.853131 -0.958449 0 
0.469139 1.51371 -23.1087 -3.44044 -0.0757308 -3.68724 -0.86187 -1.51371 0 
0.478912 1.47248 -23.1126 -3.44026 -0.0731839 -3.68672 -0.863091 -1.47248 0 
0.510278 1.3456 -23.1096 -3.43938 -0.0731412 -3.68448 -0.860471 -1.3456 0 
0.449534 1.59909 -23.112 -3.4425 -0.0719064 -3.68367 -0.861687 -1.59909 0 
0.422054 1.72525 -23.1105 -3.44321 -0.0740721 -3.67946 -0.864568 -1.72525 0 
0.396794 1.84868 -23.1121 -3.44423 -0.0739843 -3.68011 -0.864586 -1.84868 0 
0.375488 1.95906 -23.1165 -3.44395 -0.0746879 -3.67587 -0.865955 -1.95906 0 
0.360191 2.04224 -23.1197 -3.44318 -0.0764116 -3.67379 -0.866289 -2.04224 0 
0.375173 1.96074 -23.1176 -3.44115 -0.0800943 -3.67563 -0.866247 -1.96074 0 
0.322245 2.26489 -23.1204 -3.44457 -0.0776371 -3.67496 -0.865046 -2.26489 0 
0.390262 1.88187 -23.1201 -3.44112 -0.0773331 -3.67448 -0.860821 -1.88187 0 
0.392841 1.8687 -23.1221 -3.43889 -0.0806684 -3.67023 -0.860757 -1.8687 0 
0.355531 2.06829 -23.1245 -3.44101 -0.0790544 -3.67336 -0.860854 -2.06829 0 
0.268939 2.62654 -23.1255 -3.4433 -0.0841524 -3.66768 -0.867623 -2.62654 0 
0.220185 3.02657 -23.1297 -3.44651 -0.0818071 -3.67297 -0.8694 -3.02657 0 
0.247513 2.79259 -23.1315 -3.446 -0.0778085 -3.67556 -0.867814 -2.79259 0 
0.255721 2.72734 -23.1253 -3.4454 -0.0817816 -3.67275 -0.863831 -2.72734 0 
0.212588 3.0968 -23.1319 -3.44637 -0.0820497 -3.66957 -0.865806 -3.0968 0 
0.180839 3.42029 -23.1314 -3.44864 -0.0825495 -3.66775 -0.871711 -3.42029 0 
0.155845 3.71779 -23.1346 -3.44898 -0.0844733 -3.66511 -0.870578 -3.71779 0 
0.130356 4.07498 -23.1361 -3.45133 -0.0838234 -3.66261 -0.871692 -4.07498 0 
0.113606 4.35003 -23.1321 -3.45495 -0.0827404 -3.66319 -0.867924 -4.35003 0 
0.276921 4.76527 -23.1341 -3.4559 -0.0850581 -3.66029 -0.871877 -4.76527 0 
0.139143 3.94451 -23.1309 -3.45331 -0.0810578 -3.66326 -0.868443 -3.94451 0 
0.160445 3.65961 -23.1288 -3.45052 -0.0839852 -3.66485 -0.868954 -3.65961 0 
0.128948 4.09669 -23.1315 -3.45362 -0.0823017 -3.66625 -0.868216 -4.09669 0 
0.141982 3.90412 -23.1373 -3.45424 -0.0746164 -3.66454 -0.867031 -3.90412 0 
0.16155 3.64588 -23.1373 -3.45335 -0.0726303 -3.66376 -0.866969 -3.64588 0 
0.194801 3.27156 -23.1358 -3.45097 -0.0726887 -3.66639 -0.869139 -3.27156 0 
0.286783 2.49806 -23.1343 -3.44708 -0.068868 -3.66698 -0.860856 -2.49806 0 
0.342205 2.14469 -23.1309 -3.44366 -0.0713364 -3.66703 -0.861722 -2.14469 0 
0.345455 2.12579 -23.1334 -3.44387 -0.0691178 -3.66827 -0.859279 -2.12579 0 
0.367997 1.99936 -23.1344 -3.4434 -0.0671285 -3.66787 -0.853418 -1.99936 0 
0.393951 1.86306 -23.1336 -3.44223 -0.0672357 -3.66835 -0.852263 -1.86306 0 
0.44541 1.61752 -23.1318 -3.44144 -0.0645911 -3.66967 -0.849816 -1.61752 0 
0.638967 0.895805 -23.1278 -3.43484 -0.0610939 -3.67477 -0.842596 -0.895805 0 
0.630092 0.923778 -23.1293 -3.43378 -0.0634197 -3.67286 -0.845865 -0.923778 0 
0.677099 0.779876 -23.1275 -3.43289 -0.0612226 -3.67496 -0.843108 -0.779876 0 
0.596883 1.03207 -23.1323 -3.43655 -0.0593361 -3.67447 -0.84926 -1.03207 0 
0.574728 1.10772 -23.1309 -3.43527 -0.0648658 -3.67189 -0.852549 -1.10772 0 
0.603703 1.00935 -23.1242 -3.43406 -0.0680083 -3.67216 -0.850488 -1.00935 0 
0.615029 0.972172 -23.1261 -3.43501 -0.0638736 -3.67276 -0.850416 -0.972172 0 
0.663211 0.821326 -23.1252 -3.43538 -0.0585534 -3.67314 -0.845033 -0.821326 0 
0.709357 0.686794 -23.125 -3.43468 -0.054787 -3.6783 -0.846832 -0.686794 0 
0.715515 0.669506 -23.1227 -3.4343 -0.055872 -3.67794 -0.845145 -0.669506 0 
0.691231 0.738562 -23.1212 -3.4342 -0.0594449 -3.67933 -0.850718 -0.738562 0 
0.629706 0.925004 -23.1274 -3.43787 -0.0557887 -3.67886 -0.845919 -0.925004 0 
0.752555 0.568563 -23.1192 -3.43486 -0.0512172 -3.68442 -0.838165 -0.568563 0 
0.786158 0.481196 -23.1171 -3.43233 -0.0516063 -3.68209 -0.8381 -0.481196 0 
0.808299 0.425647 -23.1139 -3.42875 -0.0543082 -3.68067 -0.835102 -0.425647 0 
0.804365 0.435404 -23.1098 -3.42857 -0.0544678 -3.68399 -0.832641 -0.435404 0 
1.61515 0.427434 -23.1133 -3.43011 -0.0515263 -3.68364 -0.832211 -0.427434 0 
0.796578 0.454859 -23.1112 -3.43035 -0.0540016 -3.68517 -0.828479 -0.454859 0 
0.794775 0.459392 -23.1059 -3.42599 -0.0491705 -3.69128 -0.817563 -0.459392 0 
0.831329 0.369458 -23.1158 -3.42775 -0.0464361 -3.69284 -0.818167 -0.369458 0 
0.81222 0.415967 -23.1146 -3.42545 -0.0413765 -3.69944 -0.814421 -0.415967 0 
0.805211 0.433301 -23.1158 -3.42287 -0.0431261 -3.69863 -0.814894 -0.433301 0 
0.813682 0.412373 -23.1141 -3.42618 -0.0410369 -3.69963 -0.817944 -0.412373 0 
0.804888 0.434105 -23.1122 -3.42587 -0.0417784 -3.69836 -0.815901 -0.434105 0 
0.799413 0.447756 -23.1126 -3.42486 -0.0417516 -3.69625 -0.81553 -0.447756 0 
0.816691 0.40499 -23.1124 -3.42527 -0.0471374 -3.69363 -0.819583 -0.40499 0 
0.811642 0.417392 -23.12 -3.43008 -0.0512437 -3.6859 -0.823986 -0.417392 0 
0.833107 0.365187 -23.1214 -3.42731 -0.0511511 -3.68292 -0.825591 -0.365187 0 
0.788099 0.476264 -23.1233 -3.43216 -0.0505978 -3.68459 -0.826544 -0.476264 0 
1.63041 0.408637 -23.1277 -3.43016 -0.0487213 -3.68242 -0.826075 -0.408637 0 
0.409863 1.78387 -23.131 -3.43239 -0.0492904 -3.68014 -0.83073 -1.78387 0 
0.640152 0.8921 -23.1345 -3.43865 -0.0497451 -3.67981 -0.836578 -0.8921 0 
0.670532 0.799369 -23.1326 -3.43858 -0.0478028 -3.67888 -0.832082 -0.799369 0 
0.724972 0.643244 -23.1265 -3.43604 -0.0498575 -3.68153 -0.831593 -0.643244 0 
0.706263 0.695537 -23.1304 -3.43476 -0.0528712 -3.67926 -0.835665 -0.695537 0 
0.708078 0.690403 -23.1337 -3.43563 -0.0493827 -3.67822 -0.828956 -0.690403 0 
0.660851 0.828452 -23.1368 -3.43668 -0.050617 -3.67733 -0.830327 -0.828452 0 
0.591702 1.0495 -23.137 -3.43813 -0.0544225 -3.67368 -0.833208 -1.0495 0 
0.654932 0.846449 -23.1326 -3.43764 -0.0513878 -3.67807 -0.833217 -0.846449 0 
0.690156 0.741675 -23.1339 -3.4369 -0.0485777 -3.67687 -0.830221 -0.741675 0 
0.766477 0.531902 -23.1339 -3.43591 -0.0418034 -3.68071 -0.824827 -0.531902 0 
0.719457 0.658517 -23.1339 -3.43667 -0.0458894 -3.67918 -0.826948 -0.658517 0 
0.743607 0.592485 -23.1317 -3.43425 -0.0490977 -3.67788 -0.826959 -0.592485 0 
0.761736 0.544311 -23.1335 -3.43324 -0.048052 -3.67947 -0.829199 -0.544311 0 
0.827309 0.379154 -23.1297 -3.43 -0.0460752 -3.68429 -0.827813 -0.379154 0 
0.795678 0.45712 -23.1362 -3.43168 -0.0454508 -3.67997 -0.827473 -0.45712 0 
0.718489 0.661211 -23.1409 -3.43456 -0.0465547 -3.67824 -0.832395 -0.661211 0 
0.575359 1.10552 -23.1414 -3.43872 -0.0522424 -3.67288 -0.834223 -1.10552 0 
0.627057 0.933435 -23.1387 -3.43667 -0.0529744 -3.67134 -0.831489 -0.933435 0 
0.63533 0.907221 -23.1385 -3.43534 -0.0549972 -3.67172 -0.833182 -0.907221 0 
0.723731 0.64667 -23.1383 -3.43201 -0.0526721 -3.67292 -0.831543 -0.64667 0 
0.708405 0.68948 -23.1435 -3.43249 -0.0504285 -3.67201 -0.833028 -0.68948 0 
0.697005 0.721925 -23.1475 -3.43191 -0.0504565 -3.67335 -0.834086 -0.721925 0 
0.715499 0.66955 -23.1447 -3.43074 -0.0525323 -3.67589 -0.834702 -0.66955 0 
0.70387 0.702324 -23.1417 -3.43151 -0.0539514 -3.67442 -0.833209 -0.702324 0 
0.752647 0.568318 -23.1414 -3.42919 -0.0533886 -3.67259 -0.831615 -0.568318 0 
0.779183 0.49902 -23.1431 -3.42782 -0.0519998 -3.67076 -0.829841 -0.49902 0 
0.795921 0.456511 -23.143 -3.42625 -0.0529707 -3.67078 -0.830055 -0.456511 0 
0.848721 0.32805 -23.1382 -3.42457 -0.0496183 -3.67678 -0.823594 -0.32805 0 
0.780618 0.495339 -23.1435 -3.42963 -0.0479209 -3.67492 -0.828503 -0.495339 0 
1.58329 0.467288 -23.1417 -3.42821 -0.0503622 -3.67325 -0.82746 -0.467288 0 
0.783229 0.488661 -23.1418 -3.42933 -0.0491706 -3.67388 -0.826006 -0.488661 0 
0.669427 0.802667 -23.1454 -3.43335 -0.0516583 -3.6702 -0.830671 -0.802667 0 
0.617548 0.963996 -23.147 -3.43555 -0.0513006 -3.67289 -0.833003 -0.963996 0 
0.680568 0.769656 -23.1485 -3.43364 -0.0481157 -3.67137 -0.827084 -0.769656 0 
0.539596 1.23387 -23.1528 -3.43729 -0.0516099 -3.66925 -0.832363 -1.23387 0 
0.586989 1.0655 -23.1535 -3.43714 -0.046981 -3.67096 -0.829631 -1.0655 0 
0.52952 1.27157 -23.1514 -3.43897 -0.0499166 -3.67346 -0.837473 -1.27157 0 
0.528557 1.27521 -23.1529 -3.4403 -0.0463375 -3.67271 -0.838785 -1.27521 0 
0.435817 1.66107 -23.1557 -3.4437 -0.0463868 -3.67389 -0.846044 -1.66107 0 
0.531679 1.26343 -23.1494 -3.44141 -0.0458655 -3.67792 -0.842044 -1.26343 0 
0.453455 1.58172 -23.1528 -3.44411 -0.045717 -3.6757 -0.843415 -1.58172 0 
0.556803 1.17109 -23.1483 -3.4417 -0.0435777 -3.67898 -0.839799 -1.17109 0 
0.699036 0.716107 -23.1419 -3.43644 -0.0442151 -3.68319 -0.834378 -0.716107 0 
0.634428 0.910062 -23.1403 -3.43856 -0.047427 -3.68047 -0.831894 -0.910062 0 
0.699535 0.714679 -23.1315 -3.43659 -0.0493769 -3.68277 -0.831481 -0.714679 0 
0.711896 0.679647 -23.1303 -3.43676 -0.0481425 -3.68174 -0.833245 -0.679647 0 
0.653863 0.849716 -23.1387 -3.43895 -0.0454373 -3.67892 -0.83566 -0.849716 0 
0.710033 0.684889 -23.1383 -3.43737 -0.0430414 -3.68103 -0.834979 -0.684889 0 
0.659047 0.833922 -23.1415 -3.43787 -0.0455611 -3.68199 -0.838075 -0.833922 0 
0.679539 0.772681 -23.1464 -3.43712 -0.0421911 -3.68123 -0.83825 -0.772681 0 
0.697696 0.719944 -23.1492 -3.4358 -0.0413728 -3.68134 -0.838005 -0.719944 0 
0.763436 0.539853 -23.1483 -3.43463 -0.0371451 -3.68404 -0.83279 -0.539853 0 
0.665305 0.815018 -23.1524 -3.43748 -0.0392932 -3.68203 -0.83789 -0.815018 0 
0.700825 0.710993 -23.1533 -3.43579 -0.0386238 -3.67976 -0.833161 -0.710993 0 
0.698901 0.716493 -23.1469 -3.43669 -0.0408452 -3.68399 -0.833622 -0.716493 0 
0.70084 0.710951 -23.1501 -3.43628 -0.0395958 -3.68156 -0.832798 -0.710951 0 
0.795303 0.458064 -23.1446 -3.43303 -0.0385843 -3.68944 -0.825027 -0.458064 0 
0.750983 0.572744 -23.1531 -3.43543 -0.0342128 -3.68843 -0.824335 -0.572744 0 
1.97966 0.831374 -23.1531 -3.4374 -0.0396309 -3.68504 -0.830734 -0.831374 0 
0.694522 0.729063 -23.1523 -3.43419 -0.0432021 -3.68809 -0.829868 -0.729063 0 
0.678278 0.776395 -23.153 -3.43381 -0.0451938 -3.68616 -0.832013 -0.776395 0 
0.715617 0.66922 -23.1563 -3.43263 -0.0415965 -3.68755 -0.831927 -0.66922 0 
0.832023 0.36779 -23.1463 -3.42661 -0.0450327 -3.68935 -0.835186 -0.36779 0 
0.836504 0.357048 -23.1467 -3.42761 -0.0420904 -3.68991 -0.8358 -0.357048 0 
0.821743 0.392655 -23.1455 -3.42717 -0.045982 -3.68604 -0.835685 -0.392655 0 
0.72261 0.649772 -23.1484 -3.43088 -0.0492057 -3.68225 -0.842468 -0.649772 0 
0.774854 0.510162 -23.1487 -3.42799 -0.0489368 -3.68191 -0.838507 -0.510162 0 
0.793002 0.46386 -23.1418 -3.42641 -0.0536084 -3.67961 -0.838228 -0.46386 0 
0.775205 0.509255 -23.1419 -3.42705 -0.0546071 -3.67771 -0.839081 -0.509255 0 
0.739684 0.603064 -23.1443 -3.42748 -0.0566384 -3.67692 -0.83964 -0.603064 0 
0.801285 0.443078 -23.1429 -3.4236 -0.0574953 -3.67712 -0.843267 -0.443078 0 
0.801621 0.442239 -23.1397 -3.42442 -0.0574828 -3.6778 -0.841349 -0.442239 0 
0.826492 0.381129 -23.1377 -3.42256 -0.0582183 -3.68192 -0.843703 -0.381129 0 
0.865858 0.288069 -23.1376 -3.42074 -0.0524895 -3.68626 -0.836175 -0.288069 0 
0.869057 0.280693 -23.1358 -3.4169 -0.0509854 -3.68502 -0.8332 -0.280693 0 
0.84512 0.336553 -23.1348 -3.41653 -0.0442038 -3.68902 -0.829585 -0.336553 0 
0.773258 0.514284 -23.132 -3.41475 -0.0386643 -3.69166 -0.824383 -0.514284 0 
0.761211 0.54569 -23.1329 -3.41412 -0.0377049 -3.69051 -0.824727 -0.54569 0 
0.741073 0.599313 -23.13 -3.41415 -0.0376642 -3.6899 -0.823504 -0.599313 0 
0.717284 0.664568 -23.1308 -3.41368 -0.0351896 -3.69163 -0.825652 -0.664568 0 
0.795827 0.456747 -23.1356 -3.41591 -0.0361185 -3.68714 -0.827649 -0.456747 0 
0.85665 0.309452 -23.1393 -3.41754 -0.040319 -3.68605 -0.834221 -0.309452 0 
0.860279 0.300997 -23.1361 -3.41888 -0.0415964 -3.6864 -0.835125 -0.300997 0 
0.869382 0.279946 -23.1354 -3.42104 -0.0415262 -3.68291 -0.835039 -0.279946 0 
0.857408 0.307682 -23.1322 -3.41918 -0.044535 -3.68118 -0.833841 -0.307682 0 
0.854355 0.314816 -23.1326 -3.41879 -0.0438691 -3.67776 -0.834363 -0.314816 0 
0.86658 0.286401 -23.1328 -3.42002 -0.0461506 -3.67734 -0.838553 -0.286401 0 
0.833462 0.364335 -23.1254 -3.41957 -0.0447744 -3.67977 -0.830626 -0.364335 0 
0.838506 0.352268 -23.1228 -3.42125 -0.0459781 -3.67996 -0.834879 -0.352268 0 
0.811085 0.418765 -23.1205 -3.42053 -0.0430301 -3.67901 -0.836172 -0.418765 0 
1.66063 0.371895 -23.1222 -3.42078 -0.0450281 -3.67664 -0.840227 -0.371895 0 
0.857324 0.307879 -23.1263 -3.42354 -0.0473646 -3.66939 -0.847349 -0.307879 0 
0.847901 0.329984 -23.1248 -3.42233 -0.0441959 -3.6712 -0.843476 -0.329984 0 
0.832041 0.367747 -23.1209 -3.42128 -0.0462537 -3.67241 -0.842996 -0.367747 0 
0.836684 0.356618 -23.1196 -3.4222 -0.0484168 -3.67097 -0.847524 -0.356618 0 
0.842088 0.34374 -23.1201 -3.42428 -0.0499526 -3.67016 -0.853554 -0.34374 0 
0.818393 0.400825 -23.1152 -3.42174 -0.0495368 -3.67225 -0.850136 -0.400825 0 
0.81282 0.414492 -23.1156 -3.42174 -0.0471065 -3.67255 -0.844034 -0.414492 0 
0.775641 0.508132 -23.1194 -3.41856 -0.0419119 -3.67788 -0.841206 -0.508132 0 
0.806693 0.429623 -23.12 -3.42219 -0.0391959 -3.67394 -0.842597 -0.429623 0 
0.785398 0.483129 -23.1179 -3.41976 -0.0424706 -3.67627 -0.8442 -0.483129 0 
0.82405 0.387048 -23.1209 -3.42208 -0.0423014 -3.67107 -0.843097 -0.387048 0 
0.818781 0.399877 -23.1209 -3.42126 -0.0425458 -3.66709 -0.847632 -0.399877 0 
0.78868 0.474788 -23.1219 -3.42031 -0.037808 -3.67038 -0.844456 -0.474788 0 
0.858446 0.305263 -23.1269 -3.4256 -0.0414993 -3.66611 -0.850769 -0.305263 0 
0.829948 0.372783 -23.1245 -3.42077 -0.0419487 -3.66779 -0.844567 -0.372783 0 
0.81813 0.401468 -23.1232 -3.42085 -0.0407147 -3.66777 -0.841141 -0.401468 0 
0.84526 0.336223 -23.1226 -3.42349 -0.0445346 -3.66689 -0.84854 -0.336223 0 
0.838646 0.351933 -23.1231 -3.42185 -0.0441486 -3.66819 -0.844909 -0.351933 0 
0.843251 0.340981 -23.1247 -3.42296 -0.0411669 -3.67014 -0.838853 -0.340981 0 
0.864282 0.291713 -23.1303 -3.42659 -0.0406246 -3.66709 -0.83972 -0.291713 0 
0.862426 0.296012 -23.1287 -3.42379 -0.0442894 -3.66613 -0.839978 -0.296012 0 
0.852614 0.318897 -23.1264 -3.42195 -0.0448451 -3.66849 -0.836241 -0.318897 0 
0.854517 0.314437 -23.1277 -3.42126 -0.0450301 -3.66794 -0.837806 -0.314437 0 
0.855857 0.311303 -23.1293 -3.42131 -0.0432727 -3.67049 -0.833763 -0.311303 0 
0.865165 0.28967 -23.1337 -3.42513 -0.0445842 -3.66809 -0.840545 -0.28967 0 
0.870225 0.278007 -23.1354 -3.4255 -0.0415778 -3.67002 -0.839246 -0.278007 0 
0.854204 0.31517 -23.1426 -3.42631 -0.0432366 -3.6641 -0.843516 -0.31517 0 
0.858735 0.304589 -23.139 -3.42551 -0.0451065 -3.66489 -0.844478 -0.304589 0 
0.867664 0.283901 -23.1381 -3.42344 -0.0466983 -3.6647 -0.841976 -0.283901 0 
0.868693 0.281532 -23.1345 -3.42292 -0.0472643 -3.66668 -0.843977 -0.281532 0 
0.861741 0.297602 -23.1307 -3.41813 -0.0506724 -3.66365 -0.842079 -0.297602 0 
0.874633 0.267901 -23.1382 -3.42181 -0.0465396 -3.66031 -0.84226 -0.267901 0 
0.876482 0.263677 -23.139 -3.42277 -0.0438175 -3.66112 -0.844288 -0.263677 0 
0.87362 0.270219 -23.1352 -3.42186 -0.043897 -3.66279 -0.842964 -0.270219 0 
0.871302 0.275533 -23.1375 -3.42335 -0.0454158 -3.65966 -0.841812 -0.275533 0 
0.872026 0.273873 -23.135 -3.4211 -0.0436833 -3.66079 -0.841068 -0.273873 0 
0.866807 0.285877 -23.1369 -3.41914 -0.042142 -3.66039 -0.840043 -0.285877 0 
0.880466 0.254607 -23.1409 -3.42052 -0.0443382 -3.65959 -0.84346 -0.254607 0 
0.86948 0.27972 -23.1395 -3.42354 -0.0456029 -3.66026 -0.843742 -0.27972 0 
0.871663 0.274704 -23.1377 -3.41949 -0.0431001 -3.66185 -0.834965 -0.274704 0 
0.868281 0.282479 -23.1367 -3.4184 -0.0450769 -3.66173 -0.836841 -0.282479 0 
0.818554 0.400432 -23.1294 -3.41572 -0.0453868 -3.66511 -0.834868 -0.400432 0 
0.580739 1.08691 -23.1315 -3.42052 -0.0473444 -3.66072 -0.840945 -1.08691 0 
0.845351 0.336006 -23.1302 -3.41851 -0.044318 -3.66273 -0.838336 -0.336006 0 
0.848358 0.328905 -23.1298 -3.41949 -0.0435779 -3.66152 -0.838227 -0.328905 0 
0.835052 0.360522 -23.1309 -3.41547 -0.0476281 -3.65792 -0.839639 -0.360522 0 
0.864703 0.290738 -23.131 -3.41798 -0.052993 -3.65649 -0.842832 -0.290738 0 
0.859704 0.302335 -23.1375 -3.42098 -0.0542188 -3.65157 -0.845492 -0.302335 0 
0.876471 0.263704 -23.1415 -3.41924 -0.0501384 -3.65096 -0.84257 -0.263704 0 
0.878205 0.25975 -23.1442 -3.41958 -0.0484718 -3.65215 -0.846687 -0.25975 0 
0.877362 0.261671 -23.1469 -3.42049 -0.0463448 -3.65374 -0.845809 -0.261671 0 
0.874272 0.268727 -23.1463 -3.42299 -0.0429173 -3.65605 -0.841742 -0.268727 0 
0.886905 0.240035 -23.1481 -3.42189 -0.0371 -3.65693 -0.838405 -0.240035 0 
0.883076 0.248689 -23.1467 -3.42112 -0.0351969 -3.65733 -0.833072 -0.248689 0 
0.885617 0.242942 -23.1459 -3.42297 -0.0333912 -3.65776 -0.83691 -0.242942 0 
0.867794 0.283603 -23.1422 -3.42126 -0.0325138 -3.65754 -0.833414 -0.283603 0 
0.845299 0.33613 -23.1454 -3.42038 -0.0265163 -3.65987 -0.82952 -0.33613 0 
0.815873 0.406993 -23.1473 -3.41868 -0.0238277 -3.66166 -0.832421 -0.406993 0 
0.789936 0.471608 -23.1486 -3.41725 -0.0224414 -3.65871 -0.831699 -0.471608 0 
0.81207 0.416337 -23.1545 -3.41794 -0.0198496 -3.65873 -0.833536 -0.416337 0 
0.805468 0.432663 -23.1547 -3.41671 -0.0215699 -3.66015 -0.831496 -0.432663 0 
0.817195 0.403754 -23.1524 -3.41642 -0.0253555 -3.65865 -0.832027 -0.403754 0 
0.840939 0.346471 -23.1566 -3.4177 -0.0236659 -3.65373 -0.830867 -0.346471 0 
0.741945 0.596962 -23.1477 -3.41481 -0.0229492 -3.65572 -0.826831 -0.596962 0 
0.71199 0.679382 -23.1504 -3.41441 -0.0188926 -3.65854 -0.825469 -0.679382 0 
0.592741 1.046 -23.1498 -3.41003 -0.0177651 -3.65971 -0.819319 -1.046 0 
0.518925 1.31199 -23.1469 -3.40758 -0.0185639 -3.65758 -0.815948 -1.31199 0 
0.509639 1.3481 -23.146 -3.40593 -0.0217247 -3.65526 -0.819598 -1.3481 0 
0.665755 0.813667 -23.1494 -3.40972 -0.0252908 -3.65215 -0.821432 -0.813667 0 
0.689331 0.744067 -23.1493 -3.41104 -0.0248025 -3.65357 -0.821656 -0.744067 0 
0.690301 0.741256 -23.1494 -3.40999 -0.0267474 -3.65196 -0.829468 -0.741256 0 
0.673526 0.790456 -23.1519 -3.40883 -0.0258284 -3.65072 -0.833159 -0.790456 0 
1.10574 1.18526 -23.1467 -3.40508 -0.0264022 -3.65583 -0.832096 -1.18526 0 
0.632908 0.914862 -23.1513 -3.4064 -0.0277628 -3.65336 -0.831558 -0.914862 0 
0.634469 0.909932 -23.1518 -3.40566 -0.0292331 -3.64831 -0.828956 -0.909932 0 
0.628122 0.93004 -23.1518 -3.40611 -0.0274897 -3.65073 -0.833614 -0.93004 0 
0.614954 0.972414 -23.159 -3.40758 -0.0187508 -3.65213 -0.83226 -0.972414 0 
0.585012 1.07225 -23.1606 -3.40792 -0.0144333 -3.65144 -0.830785 -1.07225 0 
0.720808 0.654766 -23.1669 -3.41092 -0.0167637 -3.64729 -0.836333 -0.654766 0 
0.741704 0.597609 -23.1643 -3.41109 -0.020062 -3.64719 -0.836607 -0.597609 0 
0.643751 0.880887 -23.1587 -3.40831 -0.0199774 -3.65426 -0.831779 -0.880887 0 
0.781532 0.492998 -23.1644 -3.4119 -0.0226455 -3.64978 -0.840702 -0.492998 0 
0.646418 0.872618 -23.1607 -3.40787 -0.0198181 -3.65157 -0.835095 -0.872618 0 
0.563467 1.14729 -23.1636 -3.40463 -0.0176399 -3.65032 -0.836047 -1.14729 0 
0.549921 1.19596 -23.1581 -3.40442 -0.0201528 -3.65103 -0.837137 -1.19596 0 
0.508281 1.35344 -23.1514 -3.40343 -0.0228546 -3.65505 -0.83604 -1.35344 0 
0.524545 1.29045 -23.1549 -3.40441 -0.019927 -3.65495 -0.837678 -1.29045 0 
0.507904 1.35493 -23.1569 -3.40369 -0.0187872 -3.65698 -0.837393 -1.35493 0 
0.49841 1.39266 -23.1618 -3.40465 -0.0176251 -3.65855 -0.838455 -1.39266 0 
0.606324 1.00068 -23.1677 -3.40524 -0.017478 -3.65674 -0.842068 -1.00068 0 
0.809713 0.422152 -23.1752 -3.41211 -0.0198285 -3.64898 -0.850505 -0.422152 0 
0.845701 0.335179 -23.173 -3.41468 -0.0208804 -3.64811 -0.85442 -0.335179 0 
0.763562 0.539522 -23.1703 -3.4108 -0.0190236 -3.64886 -0.852275 -0.539522 0 
0.749135 0.577672 -23.1708 -3.41026 -0.0183918 -3.65209 -0.850168 -0.577672 0 
0.754405 0.563651 -23.1657 -3.40932 -0.0238887 -3.64962 -0.850127 -0.563651 0 
0.756178 0.558958 -23.1691 -3.40812 -0.0248021 -3.64934 -0.851185 -0.558958 0 
0.788287 0.475786 -23.1684 -3.40988 -0.0253096 -3.64875 -0.849229 -0.475786 0 
0.759392 0.550474 -23.1734 -3.41019 -0.0183622 -3.65413 -0.850658 -0.550474 0 
0.738349 0.606677 -23.1726 -3.40776 -0.0216645 -3.65318 -0.851722 -0.606677 0 
0.850453 0.323972 -23.1744 -3.41303 -0.0250703 -3.64928 -0.85597 -0.323972 0 
0.861587 0.297959 -23.1835 -3.41346 -0.0253625 -3.64765 -0.862373 -0.297959 0 
0.852544 0.319062 -23.1872 -3.41406 -0.0208172 -3.64642 -0.858034 -0.319062 0 
0.769363 0.524385 -23.1846 -3.40914 -0.016888 -3.64835 -0.848792 -0.524385 0 
0.773724 0.513081 -23.1925 -3.4085 -0.0161266 -3.64731 -0.849103 -0.513081 0 
0.778736 0.500166 -23.1957 -3.40889 -0.0148646 -3.65039 -0.85256 -0.500166 0 
0.755971 0.559504 -23.1958 -3.40693 -0.0158088 -3.65024 -0.852465 -0.559504 0 
0.623817 0.943797 -23.1853 -3.40272 -0.0148545 -3.65544 -0.850108 -0.943797 0 
0.5674 1.13338 -23.1864 -3.4024 -0.0101382 -3.65695 -0.842676 -1.13338 0 
0.43594 1.6605 -23.1827 -3.39912 -0.0074307 -3.66256 -0.839397 -1.6605 0 
0.41923 1.73867 -23.183 -3.39689 -0.0104655 -3.66146 -0.842203 -1.73867 0 
0.411595 1.77543 -23.1857 -3.39609 -0.00997278 -3.66493 -0.844174 -1.77543 0 
0.404188 1.81175 -23.1873 -3.39568 -0.00942965 -3.66476 -0.842335 -1.81175 0 
0.337913 2.16993 -23.1785 -3.39374 -0.012024 -3.6633 -0.841123 -2.16993 0 
0.288836 2.48379 -23.1834 -3.39084 -0.0105991 -3.66445 -0.840039 -2.48379 0 
0.430028 1.68781 -23.1871 -3.39482 -0.0135902 -3.66037 -0.846674 -1.68781 0 
0.414908 1.7594 -23.1821 -3.39364 -0.0173717 -3.65988 -0.846841 -1.7594 0 
0.476599 1.48216 -23.1783 -3.39553 -0.0209845 -3.66234 -0.843991 -1.48216 0 
0.464239 1.53471 -23.1771 -3.39364 -0.0245557 -3.66094 -0.845506 -1.53471 0 
0.330622 2.21356 -23.1766 -3.39035 -0.0197851 -3.66374 -0.83766 -2.21356 0 
0.441087 1.63703 -23.1813 -3.39323 -0.0212742 -3.66017 -0.841637 -1.63703 0 
0.378448 1.94335 -23.1808 -3.39158 -0.0192263 -3.65951 -0.842929 -1.94335 0 
0.389284 1.88689 -23.1804 -3.39102 -0.0215565 -3.65875 -0.845945 -1.88689 0 
0.461327 1.5473 -23.1852 -3.39306 -0.0213223 -3.65435 -0.845154 -1.5473 0 
0.483498 1.45342 -23.1869 -3.39355 -0.0213121 -3.65078 -0.847095 -1.45342 0 
0.458573 1.55927 -23.1835 -3.39319 -0.021588 -3.65185 -0.846994 -1.55927 0 
0.548174 1.20232 -23.186 -3.39675 -0.0206283 -3.65196 -0.847776 -1.20232 0 
0.643899 0.880426 -23.1883 -3.39957 -0.0224337 -3.64936 -0.848774 -0.880426 0 
0.730019 0.629369 -23.1888 -3.40138 -0.0274448 -3.64839 -0.853398 -0.629369 0 
0.65518 0.845689 -23.1873 -3.39903 -0.0252185 -3.65048 -0.849337 -0.845689 0 
0.641591 0.88761 -23.1839 -3.39797 -0.0278214 -3.64621 -0.848787 -0.88761 0 
0.782802 0.489752 -23.1897 -3.40284 -0.0309093 -3.64181 -0.858773 -0.489752 0 
0.747243 0.582731 -23.1867 -3.40121 -0.0305256 -3.64249 -0.858143 -0.582731 0 
0.729269 0.631427 -23.1806 -3.40037 -0.0328716 -3.63858 -0.857237 -0.631427 0 
0.694853 0.728111 -23.1791 -3.39844 -0.0337902 -3.63988 -0.861107 -0.728111 0 
0.702478 0.706282 -23.1763 -3.39981 -0.0333206 -3.6403 -0.85484 -0.706282 0 
0.723788 0.646514 -23.1733 -3.40102 -0.0346014 -3.64416 -0.852444 -0.646514 0 
0.684185 0.759054 -23.1713 -3.39918 -0.0356909 -3.64048 -0.850176 -0.759054 0 
0.671843 0.795461 -23.1712 -3.39867 -0.035771 -3.64014 -0.847106 -0.795461 0 
0.630489 0.92252 -23.1702 -3.39737 -0.0353003 -3.64383 -0.844646 -0.92252 0 
0.520922 1.30431 -23.1644 -3.3928 -0.0385787 -3.64784 -0.844545 -1.30431 0 
0.472778 1.49826 -23.1633 -3.38871 -0.0437634 -3.64842 -0.846753 -1.49826 0 
0.445104 1.61889 -23.1628 -3.3869 -0.0454044 -3.64499 -0.848062 -1.61889 0 
0.444582 1.62124 -23.1647 -3.38683 -0.0442295 -3.64838 -0.851926 -1.62124 0 
0.419402 1.73785 -23.1602 -3.38535 -0.0477728 -3.64742 -0.85132 -1.73785 0 
0.38774 1.89484 -23.1614 -3.38575 -0.0433776 -3.65242 -0.849574 -1.89484 0 
0.321963 2.26664 -23.163 -3.38384 -0.0402896 -3.65566 -0.847024 -2.26664 0 
0.337201 2.17415 -23.1615 -3.38346 -0.0434134 -3.65819 -0.848625 -2.17415 0 
0.388289 1.89201 -23.1641 -3.3847 -0.0438578 -3.65891 -0.854365 -1.89201 0 
0.335725 2.18292 -23.1578 -3.38304 -0.0461223 -3.65806 -0.854093 -2.18292 0 
0.294184 2.4471 -23.1552 -3.38254 -0.0447079 -3.65984 -0.850845 -2.4471 0 
0.34013 2.15685 -23.1596 -3.38435 -0.0428154 -3.65889 -0.850348 -2.15685 0 
0.557479 1.16866 -23.1674 -3.39061 -0.0442999 -3.6545 -0.856885 -1.16866 0 
0.467988 1.51863 -23.1635 -3.38814 -0.0440355 -3.65583 -0.854173 -1.51863 0 
0.508929 1.3509 -23.1615 -3.39075 -0.0432544 -3.65848 -0.853006 -1.3509 0 
0.995125 1.39607 -23.1609 -3.39097 -0.0420783 -3.66094 -0.85475 -1.39607 0 
1.00348 1.37934 -23.1643 -3.39101 -0.0403471 -3.66374 -0.854323 -1.37934 0 
0.693366 0.732395 -23.1681 -3.39569 -0.0456304 -3.6569 -0.857937 -0.732395 0 
0.677819 0.777749 -23.1721 -3.39425 -0.0452422 -3.65191 -0.855816 -0.777749 0 
0.687484 0.749433 -23.1712 -3.39441 -0.046634 -3.64878 -0.852317 -0.749433 0 
0.771363 0.519193 -23.176 -3.39817 -0.0456859 -3.6494 -0.853832 -0.519193 0 
0.83867 0.351877 -23.1813 -3.40295 -0.0459155 -3.64893 -0.856427 -0.351877 0 
0.831008 0.370231 -23.1839 -3.40447 -0.04008 -3.65049 -0.850289 -0.370231 0 
0.818196 0.401306 -23.1824 -3.40389 -0.0384327 -3.65162 -0.848765 -0.401306 0 
0.762452 0.542431 -23.184 -3.4014 -0.034653 -3.65257 -0.841941 -0.542431 0 
0.724993 0.643187 -23.1821 -3.40146 -0.0304972 -3.6551 -0.839519 -0.643187 0 
0.776928 0.504814 -23.1818 -3.40354 -0.0325987 -3.65513 -0.841485 -0.504814 0 
0.774371 0.511409 -23.1832 -3.40362 -0.0315655 -3.65456 -0.841191 -0.511409 0 
0.831076 0.370068 -23.1843 -3.40521 -0.0388967 -3.64882 -0.846182 -0.370068 0 
0.828033 0.377406 -23.1893 -3.40639 -0.0352025 -3.64964 -0.846364 -0.377406 0 
0.82578 0.382854 -23.1896 -3.40827 -0.0297396 -3.65165 -0.841775 -0.382854 0 
0.814278 0.410908 -23.185 -3.40579 -0.0327474 -3.65197 -0.844229 -0.410908 0 
0.834591 0.361627 -23.1846 -3.40765 -0.0339581 -3.65379 -0.842976 -0.361627 0 
0.842928 0.341747 -23.183 -3.40748 -0.0383961 -3.65649 -0.84224 -0.341747 0 
0.807669 0.427207 -23.1887 -3.41186 -0.0446952 -3.64584 -0.852638 -0.427207 0 
0.795668 0.457147 -23.1918 -3.41179 -0.0442144 -3.64706 -0.857636 -0.457147 0 
0.830882 0.370535 -23.1902 -3.40919 -0.0412161 -3.64822 -0.853141 -0.370535 0 
0.836417 0.357257 -23.1872 -3.40662 -0.0384667 -3.65225 -0.846199 -0.357257 0 
0.840873 0.346629 -23.1887 -3.40965 -0.0367256 -3.65193 -0.848239 -0.346629 0 
0.833751 0.36364 -23.1849 -3.40766 -0.0340696 -3.65436 -0.841011 -0.36364 0 
0.839801 0.34918 -23.1802 -3.40891 -0.0333078 -3.65691 -0.838105 -0.34918 0 
0.85277 0.318532 -23.1847 -3.41352 -0.0324288 -3.65783 -0.843021 -0.318532 0 
0.843604 0.340145 -23.1876 -3.41483 -0.0316939 -3.65396 -0.847685 -0.340145 0 
0.851172 0.322281 -23.1865 -3.41351 -0.0316454 -3.65498 -0.848519 -0.322281 0 
0.809916 0.42165 -23.1892 -3.41799 -0.0332391 -3.65311 -0.856289 -0.42165 0 
0.773549 0.513533 -23.1934 -3.41914 -0.0330538 -3.65299 -0.860871 -0.513533 0 
0.804517 0.435025 -23.1915 -3.41863 -0.030724 -3.65662 -0.853114 -0.435025 0 
0.729908 0.629673 -23.1924 -3.42143 -0.0352316 -3.65433 -0.856866 -0.629673 0 
0.729773 0.630044 -23.1913 -3.42077 -0.0373818 -3.6518 -0.85742 -0.630044 0 
0.728186 0.634397 -23.1916 -3.42185 -0.035258 -3.65151 -0.856117 -0.634397 0 
0.529061 1.2733 -23.1997 -3.42761 -0.0381066 -3.64296 -0.859959 -1.2733 0 
0.522339 1.29888 -23.2015 -3.4282 -0.0361478 -3.63898 -0.864437 -1.29888 0 
0.422736 1.72201 -23.2056 -3.43051 -0.0382949 -3.6367 -0.869097 -1.72201 0 
0.509632 1.34813 -23.1992 -3.4278 -0.0399946 -3.64006 -0.86391 -1.34813 0 
0.499645 1.38772 -23.2029 -3.42854 -0.0366243 -3.63793 -0.865318 -1.38772 0 
0.514958 1.32734 -23.2014 -3.42737 -0.0386133 -3.63654 -0.865062 -1.32734 0 
0.565436 1.14032 -23.2003 -3.42517 -0.0388104 -3.63675 -0.863049 -1.14032 0 
0.904836 1.5863 -23.2031 -3.42771 -0.0427306 -3.63194 -0.861405 -1.5863 0 
0.462792 1.54096 -23.1977 -3.42855 -0.0443159 -3.63389 -0.862244 -1.54096 0 
0.61031 0.987578 -23.1938 -3.42436 -0.0411614 -3.64057 -0.85678 -0.987578 0 
0.571479 1.11905 -23.1947 -3.42515 -0.0427507 -3.6377 -0.864547 -1.11905 0 
0.62229 0.948699 -23.1954 -3.42261 -0.0420912 -3.63847 -0.863742 -0.948699 0 
0.487971 1.435 -23.2 -3.42732 -0.0424087 -3.63989 -0.860992 -1.435 0 
0.35782 2.05545 -23.2045 -3.43112 -0.0447971 -3.63671 -0.867846 -2.05545 0 
0.420935 1.73055 -23.1961 -3.43123 -0.0443643 -3.64145 -0.865915 -1.73055 0 
0.411422 1.77627 -23.1965 -3.43054 -0.0464353 -3.64011 -0.869847 -1.77627 0 
0.461561 1.54628 -23.1961 -3.43 -0.0427595 -3.63987 -0.865775 -1.54628 0 
1.03569 1.31617 -23.1952 -3.42901 -0.0399154 -3.64215 -0.862907 -1.31617 0 
0.546602 1.20807 -23.1946 -3.42666 -0.0422773 -3.63971 -0.862189 -1.20807 0 
0.622224 0.94891 -23.1915 -3.42325 -0.0439544 -3.63981 -0.858157 -0.94891 0 
0.572127 1.11679 -23.1911 -3.42443 -0.0468999 -3.64112 -0.861357 -1.11679 0 
0.625716 0.937717 -23.192 -3.42155 -0.0465561 -3.6432 -0.858775 -0.937717 0 
0.597251 1.03084 -23.192 -3.42399 -0.0446254 -3.64536 -0.86067 -1.03084 0 
0.709028 0.687721 -23.185 -3.42095 -0.0446172 -3.64652 -0.85872 -0.687721 0 
0.628378 0.929227 -23.1912 -3.42233 -0.0453579 -3.64301 -0.859529 -0.929227 0 
0.676458 0.78177 -23.1901 -3.4201 -0.0455794 -3.64326 -0.854541 -0.78177 0 
0.710014 0.684942 -23.1868 -3.41898 -0.0467271 -3.64333 -0.851192 -0.684942 0 
0.591811 1.04914 -23.1915 -3.42281 -0.047859 -3.64493 -0.853896 -1.04914 0 
0.622861 0.946864 -23.1917 -3.42211 -0.0459812 -3.64356 -0.854519 -0.946864 0 
1.18861 1.04072 -23.1856 -3.42568 -0.0465589 -3.64149 -0.852673 -1.04072 0 
0.563568 1.14693 -23.1829 -3.42609 -0.0507513 -3.63677 -0.85108 -1.14693 0 
0.582275 1.08162 -23.1792 -3.42371 -0.0564538 -3.63822 -0.854354 -1.08162 0 
0.581345 1.08482 -23.1772 -3.4245 -0.0564484 -3.63946 -0.849493 -1.08482 0 
0.629075 0.927009 -23.1748 -3.42346 -0.0556985 -3.63904 -0.846218 -0.927009 0 
0.64677 0.871529 -23.171 -3.42355 -0.0566069 -3.64161 -0.841132 -0.871529 0 
0.656748 0.840909 -23.1716 -3.42335 -0.0555287 -3.64474 -0.841682 -0.840909 0 
0.622152 0.949143 -23.1738 -3.4249 -0.0542466 -3.64354 -0.846623 -0.949143 0 
0.558783 1.16399 -23.1759 -3.42714 -0.0543522 -3.64165 -0.847785 -1.16399 0 
0.575834 1.10387 -23.1774 -3.42627 -0.0533217 -3.64189 -0.845274 -1.10387 0 
0.638956 0.895839 -23.1767 -3.42478 -0.0507245 -3.64152 -0.842608 -0.895839 0 
0.63665 0.903071 -23.1788 -3.42515 -0.0485964 -3.64291 -0.844342 -0.903071 0 
0.683573 0.760845 -23.176 -3.42328 -0.0497147 -3.64237 -0.842299 -0.760845 0 
0.571679 1.11836 -23.1781 -3.42807 -0.0496171 -3.64179 -0.84324 -1.11836 0 
0.570054 1.12405 -23.1766 -3.42729 -0.0524312 -3.64096 -0.843377 -1.12405 0 
0.676348 0.782094 -23.1745 -3.42496 -0.0482152 -3.64223 -0.840131 -0.782094 0 
0.672307 0.79408 -23.1715 -3.42507 -0.0506357 -3.64478 -0.835933 -0.79408 0 
0.515861 1.32384 -23.1753 -3.42911 -0.054889 -3.64 -0.845212 -1.32384 0 
0.57227 1.11629 -23.1747 -3.42728 -0.0536085 -3.6399 -0.846953 -1.11629 0 
0.659598 0.83225 -23.171 -3.42357 -0.0552418 -3.63819 -0.84494 -0.83225 0 
0.632334 0.916676 -23.1704 -3.4249 -0.0557577 -3.64126 -0.847058 -0.916676 0 
0.723322 0.647803 -23.1705 -3.42085 -0.0543341 -3.64374 -0.845811 -0.647803 0 
0.676004 0.783113 -23.1686 -3.4229 -0.0566301 -3.64449 -0.845019 -0.783113 0 
0.654333 0.848279 -23.1683 -3.42383 -0.0572083 -3.6453 -0.842671 -0.848279 0 
0.673721 0.789879 -23.1693 -3.423 -0.056237 -3.64734 -0.842382 -0.789879 0 
0.676173 0.782614 -23.17 -3.42301 -0.0554498 -3.64574 -0.839383 -0.782614 0 
0.653767 0.850007 -23.1725 -3.42338 -0.0551237 -3.64401 -0.843838 -0.850007 0 
0.812993 0.414066 -23.1663 -3.41609 -0.0551829 -3.65107 -0.837357 -0.414066 0 
0.783386 0.48826 -23.1712 -3.41475 -0.0581898 -3.64992 -0.839185 -0.48826 0 
0.802053 0.441162 -23.1685 -3.4132 -0.0604735 -3.64768 -0.836575 -0.441162 0 
0.80313 0.438477 -23.1699 -3.41365 -0.058336 -3.64682 -0.835021 -0.438477 0 
0.795698 0.457072 -23.1742 -3.41396 -0.055405 -3.64501 -0.836505 -0.457072 0 
0.845724 0.335123 -23.1723 -3.41032 -0.0538716 -3.6471 -0.835724 -0.335123 0 
0.850883 0.32296 -23.173 -3.40969 -0.0525806 -3.64707 -0.836196 -0.32296 0 
0.85666 0.309428 -23.1729 -3.40939 -0.0501422 -3.64748 -0.833685 -0.309428 0 
0.847996 0.329759 -23.1722 -3.40742 -0.0455196 -3.65087 -0.820566 -0.329759 0 
0.840612 0.34725 -23.1743 -3.4079 -0.040793 -3.65222 -0.819237 -0.34725 0 
0.840726 0.346978 -23.1776 -3.40774 -0.0407848 -3.64781 -0.822094 -0.346978 0 
0.846585 0.33309 -23.1796 -3.41112 -0.0427086 -3.64487 -0.827458 -0.33309 0 
0.847627 0.330629 -23.1801 -3.41028 -0.0412755 -3.64511 -0.826376 -0.330629 0 
0.84174 0.344567 -23.1818 -3.40818 -0.0420052 -3.64148 -0.827322 -0.344567 0 
0.825392 0.383793 -23.1774 -3.4045 -0.0439304 -3.63646 -0.823225 -0.383793 0 
0.820531 0.395608 -23.1756 -3.40477 -0.0418028 -3.63584 -0.825352 -0.395608 0 
0.826604 0.380859 -23.1775 -3.40743 -0.0361143 -3.63508 -0.824127 -0.380859 0 
0.831859 0.368186 -23.1744 -3.40822 -0.0366485 -3.63679 -0.821288 -0.368186 0 
0.848734 0.328019 -23.1799 -3.41123 -0.0378153 -3.63303 -0.82185 -0.328019 0 
0.854834 0.313696 -23.1749 -3.4115 -0.0449511 -3.62836 -0.82838 -0.313696 0 
0.861447 0.298284 -23.1715 -3.41089 -0.0462515 -3.62965 -0.828334 -0.298284 0 
0.836918 0.356059 -23.1774 -3.41292 -0.0464725 -3.62638 -0.831036 -0.356059 0 
0.863172 0.294282 -23.1701 -3.41121 -0.044765 -3.62814 -0.823964 -0.294282 0 
0.863362 0.293843 -23.17 -3.41214 -0.0452438 -3.62518 -0.82481 -0.293843 0 
0.858723 0.304617 -23.1716 -3.41325 -0.0443999 -3.62357 -0.82415 -0.304617 0 
0.858929 0.304138 -23.1696 -3.41307 -0.0471902 -3.62456 -0.826722 -0.304138 0 
0.86525 0.289475 -23.1664 -3.41336 -0.0472032 -3.62623 -0.824958 -0.289475 0 
0.85465 0.314127 -23.1665 -3.41622 -0.0462365 -3.6226 -0.824368 -0.314127 0 
0.852716 0.318658 -23.1691 -3.41597 -0.0452035 -3.62451 -0.827955 -0.318658 0 
0.818176 0.401355 -23.169 -3.42 -0.0448782 -3.62373 -0.830991 -0.401355 0 
0.804057 0.43617 -23.1715 -3.41965 -0.0457575 -3.62497 -0.833197 -0.43617 0 
