0.769568 0.523851 -23.1391 -3.44725 -0.0126008 -3.68385 -0.906072 -0.523851 0 
0.848757 0.327965 -23.1489 -3.44199 -0.00767986 -3.6824 -0.904074 -0.327965 0 
0.804052 0.436183 -23.1407 -3.44294 -0.0163936 -3.67789 -0.903791 -0.436183 0 
0.779651 0.497817 -23.1473 -3.44234 -0.0181475 -3.67481 -0.903745 -0.497817 0 
0.770551 0.5213 -23.142 -3.44237 -0.0217696 -3.67405 -0.902237 -0.5213 0 
0.780481 0.495691 -23.1482 -3.43758 -0.0277376 -3.66145 -0.897877 -0.495691 0 
0.838224 0.352941 -23.1378 -3.43663 -0.0253321 -3.66659 -0.895402 -0.352941 0 
0.886693 0.240514 -23.1455 -3.43119 -0.0200737 -3.66553 -0.894895 -0.240514 0 
0.862318 0.296263 -23.1428 -3.4337 -0.0249097 -3.66049 -0.893045 -0.296263 0 
0.847146 0.331764 -23.1299 -3.43571 -0.025632 -3.66798 -0.892243 -0.331764 0 
0.797899 0.451548 -23.1403 -3.43654 -0.0315224 -3.65637 -0.892302 -0.451548 0 
0.74702 0.583328 -23.1407 -3.43704 -0.0368602 -3.65567 -0.890838 -0.583328 0 
0.864979 0.290099 -23.1603 -3.42723 -0.0297777 -3.64986 -0.888093 -0.290099 0 
0.856472 0.309866 -23.1629 -3.42809 -0.0280546 -3.64985 -0.889154 -0.309866 0 
0.863972 0.292429 -23.1642 -3.43018 -0.0216188 -3.65371 -0.89128 -0.292429 0 
0.871441 0.275214 -23.1897 -3.4227 -0.0104475 -3.64527 -0.88934 -0.275214 0 
0.876211 0.264297 -23.1831 -3.42529 -0.0128198 -3.64336 -0.889193 -0.264297 0 
0.892651 0.227118 -23.1741 -3.42764 -0.0113385 -3.64325 -0.891686 -0.227118 0 
0.862819 0.2951 -23.1819 -3.42818 -0.0124107 -3.63626 -0.891237 -0.2951 0 
0.854316 0.314908 -23.1893 -3.42497 -0.0130554 -3.62696 -0.887917 -0.314908 0 
0.818394 0.400822 -23.1833 -3.42834 -0.0186306 -3.62818 -0.888855 -0.400822 0 
0.819124 0.399039 -23.1739 -3.43007 -0.0223337 -3.63124 -0.889431 -0.399039 0 
0.781824 0.492252 -23.1774 -3.43167 -0.0214417 -3.63203 -0.888922 -0.492252 0 
0.843603 0.340146 -23.1753 -3.43099 -0.0158082 -3.63864 -0.891771 -0.340146 0 
0.876919 0.262681 -23.1593 -3.43039 -0.0213888 -3.64618 -0.889428 -0.262681 0 
0.868703 0.281509 -23.155 -3.43179 -0.0227267 -3.64714 -0.889676 -0.281509 0 
0.888082 0.237383 -23.1676 -3.42755 -0.0185869 -3.64237 -0.888299 -0.237383 0 
0.89534 0.221105 -23.1573 -3.42766 -0.0215759 -3.64717 -0.886454 -0.221105 0 
0.898733 0.213538 -23.1648 -3.42487 -0.0194413 -3.64116 -0.885313 -0.213538 0 
0.896765 0.217922 -23.1694 -3.4232 -0.0194416 -3.64237 -0.886435 -0.217922 0 
0.888949 0.23543 -23.1571 -3.42977 -0.0202822 -3.64644 -0.890995 -0.23543 0 
0.867307 0.284725 -23.1611 -3.42971 -0.0238639 -3.6405 -0.885914 -0.284725 0 
0.867711 0.283793 -23.1791 -3.42527 -0.0190074 -3.63556 -0.884605 -0.283793 0 
0.887304 0.239135 -23.1713 -3.42721 -0.0165981 -3.63903 -0.88422 -0.239135 0 
0.889477 0.234243 -23.1589 -3.42857 -0.0216484 -3.6432 -0.883049 -0.234243 0 
0.896757 0.217941 -23.1618 -3.42765 -0.0103035 -3.64819 -0.885571 -0.217941 0 
0.885189 0.243908 -23.1696 -3.4257 -0.00528887 -3.64311 -0.88524 -0.243908 0 
0.886527 0.240887 -23.1515 -3.43638 -0.00950086 -3.65317 -0.888252 -0.240887 0 
0.886121 0.241804 -23.1467 -3.43511 -0.0127431 -3.65774 -0.886957 -0.241804 0 
0.889263 0.234724 -23.1478 -3.43541 -0.00962924 -3.65897 -0.888286 -0.234724 0 
1.75366 0.262889 -23.1404 -3.43697 -0.0121233 -3.65899 -0.886134 -0.262889 0 
0.864453 0.291317 -23.1361 -3.43806 -0.0151176 -3.66042 -0.885595 -0.291317 0 
0.826337 0.381504 -23.1289 -3.44264 -0.0166261 -3.65991 -0.885616 -0.381504 0 
0.863887 0.292628 -23.1358 -3.44074 -0.00889 -3.66406 -0.884615 -0.292628 0 
0.879138 0.257627 -23.1498 -3.44061 -0.00360871 -3.66283 -0.886483 -0.257627 0 
1.71111 0.312014 -23.1413 -3.44476 -0.00317224 -3.66546 -0.886516 -0.312014 0 
2.5386 0.333999 -23.1522 -3.44386 -0.00346852 -3.65472 -0.884837 -0.333999 0 
0.772671 0.515805 -23.1565 -3.4464 -0.00619574 -3.65179 -0.88469 -0.515805 0 
0.723966 0.646022 -23.1427 -3.44979 -0.0119251 -3.65609 -0.88387 -0.646022 0 
0.787029 0.478981 -23.1558 -3.44397 -0.00993715 -3.64561 -0.882799 -0.478981 0 
0.788573 0.47506 -23.1428 -3.44775 -0.00828551 -3.65476 -0.883452 -0.47506 0 
0.828942 0.375211 -23.1413 -3.44643 -0.00533066 -3.6605 -0.885279 -0.375211 0 
0.891105 0.230586 -23.158 -3.43825 -0.00180942 -3.65595 -0.88367 -0.230586 0 
1.66955 0.361182 -23.1582 -3.44227 -0.00562176 -3.65566 -0.883313 -0.361182 0 
0.819645 0.397767 -23.1482 -3.44567 -0.00578235 -3.66035 -0.885102 -0.397767 0 
0.830402 0.37169 -23.1437 -3.44547 -0.00623013 -3.66656 -0.887 -0.37169 0 
0.793019 0.463815 -23.1344 -3.44945 -0.00692694 -3.67226 -0.887524 -0.463815 0 
0.723875 0.646272 -23.1455 -3.4511 -0.00764956 -3.66638 -0.889469 -0.646272 0 
0.812479 0.415331 -23.1447 -3.44711 -0.0052723 -3.66872 -0.88698 -0.415331 0 
0.870916 0.27642 -23.1565 -3.44009 -0.00445929 -3.66593 -0.88387 -0.27642 0 
0.842172 0.343541 -23.156 -3.44324 -0.00359671 -3.66609 -0.883974 -0.343541 0 
1.57836 0.473528 -23.1606 -3.44402 -0.00676467 -3.66498 -0.884055 -0.473528 0 
1.50145 0.573436 -23.1576 -3.44699 -0.00681858 -3.66698 -0.886421 -0.573436 0 
0.69104 0.739116 -23.1737 -3.44524 -0.00651048 -3.65542 -0.886756 -0.739116 0 
0.651934 0.855624 -23.1484 -3.4495 -0.0170629 -3.65934 -0.885543 -0.855624 0 
0.791097 0.468668 -23.1422 -3.448 -0.00752174 -3.67386 -0.88697 -0.468668 0 
0.799812 0.446758 -23.1651 -3.44273 -0.0053591 -3.66339 -0.885684 -0.446758 0 
0.822516 0.390774 -23.1571 -3.44434 -0.0036549 -3.67156 -0.887793 -0.390774 0 
0.718018 0.662522 -23.1546 -3.44868 -0.00844626 -3.67093 -0.889875 -0.662522 0 
0.655743 0.843972 -23.1612 -3.45219 -0.00356144 -3.67313 -0.891872 -0.843972 0 
0.555609 1.17538 -23.1607 -3.45463 -0.0082911 -3.66642 -0.892957 -1.17538 0 
0.534765 1.25185 -23.163 -3.45387 -0.0104126 -3.66441 -0.891989 -1.25185 0 
0.613942 0.975711 -23.1709 -3.44921 -0.0075526 -3.66541 -0.891178 -0.975711 0 
1.36981 0.756952 -23.16 -3.44842 -0.00923492 -3.66201 -0.889356 -0.756952 0 
0.693373 0.732373 -23.18 -3.44242 -0.00756778 -3.65196 -0.887325 -0.732373 0 
0.606397 1.00044 -23.1808 -3.44674 -0.00664785 -3.65661 -0.888638 -1.00044 0 
1.40181 0.710769 -23.1841 -3.44381 -0.00115185 -3.66308 -0.888665 -0.710769 0 
0.732715 0.621997 -23.1806 -3.44305 -0.0018773 -3.66817 -0.887838 -0.621997 0 
0.748289 0.579932 -23.1619 -3.44782 -0.00279402 -3.67558 -0.889327 -0.579932 0 
0.531451 1.26429 -23.1481 -3.45779 -0.0114557 -3.67145 -0.89102 -1.26429 0 
0.496247 1.40136 -23.1409 -3.45839 -0.0176571 -3.67353 -0.890842 -1.40136 0 
0.535506 1.24909 -23.1299 -3.45903 -0.0180218 -3.67595 -0.891161 -1.24909 0 
0.514997 1.32719 -23.1182 -3.46206 -0.0192 -3.67033 -0.887705 -1.32719 0 
0.626288 0.93589 -23.1159 -3.46238 -0.00655417 -3.67955 -0.892817 -0.93589 0 
0.475595 1.48638 -23.1302 -3.46303 -0.0155235 -3.66962 -0.892249 -1.48638 0 
0.492032 1.41842 -23.1249 -3.46165 -0.0194064 -3.66679 -0.888996 -1.41842 0 
0.527357 1.27976 -23.1545 -3.45446 -0.0152021 -3.65373 -0.886774 -1.27976 0 
0.505051 1.36619 -23.1452 -3.45507 -0.021513 -3.65476 -0.885276 -1.36619 0 
0.621786 0.950317 -23.1564 -3.45026 -0.0138183 -3.65214 -0.885242 -0.950317 0 
0.635199 0.907633 -23.1533 -3.45047 -0.0138958 -3.65417 -0.88527 -0.907633 0 
0.716008 0.668128 -23.1616 -3.44471 -0.0129032 -3.65002 -0.881857 -0.668128 0 
0.740353 0.601256 -23.1613 -3.44417 -0.0116423 -3.65853 -0.88369 -0.601256 0 
0.677082 0.779925 -23.1543 -3.44766 -0.0151103 -3.65766 -0.883411 -0.779925 0 
0.592859 1.0456 -23.1615 -3.44833 -0.0174948 -3.64336 -0.883071 -1.0456 0 
0.684334 0.758617 -23.1686 -3.44442 -0.0122417 -3.64641 -0.883645 -0.758617 0 
0.667101 0.809626 -23.1691 -3.44367 -0.015124 -3.64576 -0.88095 -0.809626 0 
0.76543 0.534636 -23.177 -3.43783 -0.0114214 -3.64208 -0.879995 -0.534636 0 
0.720259 0.656289 -23.1681 -3.4411 -0.015793 -3.64533 -0.878116 -0.656289 0 
0.671707 0.795866 -23.1602 -3.44289 -0.0220242 -3.65049 -0.877312 -0.795866 0 
0.718487 0.661216 -23.1578 -3.44151 -0.0216751 -3.64558 -0.877164 -0.661216 0 
0.773276 0.514239 -23.1665 -3.43716 -0.0190696 -3.6498 -0.876561 -0.514239 0 
0.718765 0.660443 -23.1651 -3.44026 -0.0195614 -3.65262 -0.878219 -0.660443 0 
0.723474 0.64738 -23.1703 -3.44019 -0.0158485 -3.65049 -0.876819 -0.64738 0 
0.705594 0.697429 -23.1729 -3.43986 -0.0165784 -3.65287 -0.876685 -0.697429 0 
0.617636 0.963714 -23.1635 -3.44252 -0.0259465 -3.65356 -0.873868 -0.963714 0 
0.418065 1.74424 -23.1585 -3.44986 -0.033113 -3.65776 -0.873891 -1.74424 0 
0.365421 2.01341 -23.1515 -3.45306 -0.0363034 -3.66095 -0.874874 -2.01341 0 
0.359159 2.04798 -23.1653 -3.45044 -0.0336215 -3.65854 -0.873316 -2.04798 0 
0.373244 1.97105 -23.1662 -3.44859 -0.0353635 -3.65445 -0.870949 -1.97105 0 
0.374852 1.96245 -23.1734 -3.4465 -0.0346371 -3.65136 -0.868647 -1.96245 0 
0.633498 2.29929 -23.1873 -3.44404 -0.0362766 -3.64729 -0.870458 -2.29929 0 
0.404745 1.809 -23.174 -3.44433 -0.0355674 -3.65562 -0.871789 -1.809 0 
0.37417 1.96609 -23.184 -3.44175 -0.0369253 -3.65271 -0.873143 -1.96609 0 
0.350773 2.09523 -23.1593 -3.4485 -0.0424975 -3.66082 -0.872509 -2.09523 0 
0.254729 2.73511 -23.177 -3.44594 -0.0472763 -3.64855 -0.87108 -2.73511 0 
0.33401 3.57946 -23.1837 -3.44626 -0.0551512 -3.63563 -0.870773 -3.57946 0 
0.16465 3.60786 -23.1894 -3.44618 -0.0516043 -3.6312 -0.870769 -3.60786 0 
0.103887 4.52889 -23.1704 -3.4516 -0.0668108 -3.63265 -0.86787 -4.52889 0 
0.0726655 5.24378 -23.1743 -3.45369 -0.0690509 -3.63168 -0.866534 -5.24378 0 
0.0645884 5.47944 -23.1751 -3.45489 -0.0689373 -3.62904 -0.867762 -5.47944 0 
0.0369857 6.59445 -23.1808 -3.45733 -0.0729356 -3.62402 -0.867759 -6.59445 0 
0.0411794 6.37963 -23.1717 -3.46102 -0.0692413 -3.62222 -0.868921 -6.37963 0 
0.0398645 6.44454 -23.1847 -3.46005 -0.0627053 -3.62808 -0.872767 -6.44454 0 
0.0333284 6.80269 -23.1731 -3.4655 -0.0635905 -3.63137 -0.874965 -6.80269 0 
0.0452905 7.57561 -23.1606 -3.47165 -0.0679853 -3.62709 -0.87478 -7.57561 0 
0.0366963 6.61016 -23.1436 -3.47288 -0.066042 -3.63797 -0.87351 -6.61016 0 
0.0232642 7.52168 -23.1528 -3.47209 -0.0718986 -3.62665 -0.86999 -7.52168 0 
0.0166797 8.18712 -23.1429 -3.47499 -0.0796258 -3.62747 -0.86892 -8.18712 0 
0.013601 8.59522 -23.1503 -3.47277 -0.0836733 -3.61682 -0.866488 -8.59522 0 
0.0097273 9.26564 -23.1434 -3.47738 -0.0854158 -3.61928 -0.868354 -9.26564 0 
0.00994925 9.22052 -23.1366 -3.47772 -0.0888459 -3.61825 -0.868571 -9.22052 0 
0.0471589 7.49476 -23.1272 -3.47604 -0.080083 -3.63372 -0.869945 -7.49476 0 
0.0377023 6.55607 -23.1292 -3.47321 -0.0741056 -3.64283 -0.869612 -6.55607 0 
0.0645056 5.48201 -23.144 -3.46521 -0.0684513 -3.64099 -0.868542 -5.48201 0 
0.0613935 5.5809 -23.1377 -3.46738 -0.0691699 -3.64224 -0.869126 -5.5809 0 
0.0446832 6.21631 -23.1426 -3.46751 -0.073441 -3.6456 -0.871181 -6.21631 0 
0.0607162 5.60309 -23.1593 -3.46112 -0.0683535 -3.64249 -0.870648 -5.60309 0 
0.10723 4.46556 -23.1417 -3.45979 -0.0680363 -3.64643 -0.868594 -4.46556 0 
0.0680955 5.37369 -23.1402 -3.46503 -0.0698839 -3.64849 -0.869641 -5.37369 0 
0.0853919 4.92101 -23.1365 -3.46607 -0.0641585 -3.65073 -0.871381 -4.92101 0 
0.11978 4.24419 -23.1493 -3.45845 -0.0628567 -3.64086 -0.868785 -4.24419 0 
0.149852 3.79622 -23.1676 -3.45048 -0.0609625 -3.62765 -0.865428 -3.79622 0 
0.163297 3.62437 -23.1857 -3.44576 -0.055467 -3.62928 -0.864681 -3.62437 0 
0.160188 3.66281 -23.1864 -3.44637 -0.0542889 -3.62925 -0.864242 -3.66281 0 
0.209647 3.12466 -23.1946 -3.44069 -0.0517146 -3.62972 -0.863829 -3.12466 0 
0.23428 2.90247 -23.1848 -3.44266 -0.0512565 -3.63927 -0.865937 -2.90247 0 
0.230789 2.9325 -23.173 -3.44615 -0.0530081 -3.64164 -0.864541 -2.9325 0 
0.508724 2.738 -23.1836 -3.44402 -0.046635 -3.64807 -0.865487 -2.738 0 
0.243374 2.82631 -23.1812 -3.44395 -0.0500133 -3.65014 -0.865842 -2.82631 0 
0.138572 3.95274 -23.1723 -3.45162 -0.0576506 -3.65194 -0.864411 -3.95274 0 
0.277343 2.565 -23.1677 -3.44502 -0.0528286 -3.66178 -0.861981 -2.565 0 
0.319758 2.28038 -23.1736 -3.44132 -0.0512944 -3.65944 -0.861647 -2.28038 0 
0.282126 2.5308 -23.1576 -3.44592 -0.0571485 -3.65596 -0.861393 -2.5308 0 
0.349325 2.1035 -23.1579 -3.44461 -0.0517765 -3.66095 -0.862716 -2.1035 0 
0.471548 1.50347 -23.1516 -3.44224 -0.0481517 -3.66825 -0.863009 -1.50347 0 
0.416395 1.75224 -23.137 -3.44834 -0.0496721 -3.67458 -0.86671 -1.75224 0 
0.373444 1.96997 -23.1458 -3.4467 -0.0524131 -3.6719 -0.866534 -1.96997 0 
0.374672 1.96341 -23.1525 -3.44409 -0.0534789 -3.6616 -0.866993 -1.96341 0 
0.466932 1.52314 -23.1581 -3.44096 -0.0470168 -3.65449 -0.86626 -1.52314 0 
0.511633 1.3403 -23.1399 -3.44643 -0.0423159 -3.66261 -0.868832 -1.3403 0 
0.555956 1.17413 -23.1621 -3.43984 -0.0382155 -3.65784 -0.868784 -1.17413 0 
0.592956 1.04527 -23.1776 -3.43232 -0.0393605 -3.65208 -0.866113 -1.04527 0 
0.646381 0.872733 -23.1908 -3.42783 -0.0332435 -3.64651 -0.86476 -0.872733 0 
0.547539 1.20464 -23.1871 -3.43132 -0.0386778 -3.64659 -0.864114 -1.20464 0 
0.454259 1.57818 -23.2091 -3.42631 -0.0405023 -3.63973 -0.863364 -1.57818 0 
0.508427 1.35287 -23.2022 -3.42842 -0.036532 -3.64518 -0.864216 -1.35287 0 
0.407857 1.79368 -23.1931 -3.43391 -0.0426347 -3.6414 -0.863627 -1.79368 0 
1.2915 1.68562 -23.1885 -3.43392 -0.0437867 -3.64253 -0.862091 -1.68562 0 
0.39251 1.87039 -23.1752 -3.43831 -0.0483996 -3.64912 -0.862128 -1.87039 0 
0.444684 1.62078 -23.172 -3.43813 -0.0457224 -3.65133 -0.860715 -1.62078 0 
0.714335 2.0591 -23.1796 -3.43944 -0.0467263 -3.64482 -0.859844 -2.0591 0 
0.411592 1.77544 -23.1813 -3.43789 -0.0430046 -3.64636 -0.861032 -1.77544 0 
0.409134 1.78742 -23.18 -3.4371 -0.0457663 -3.65135 -0.859429 -1.78742 0 
0.31863 2.28745 -23.178 -3.43991 -0.0511976 -3.64501 -0.860353 -2.28745 0 
0.300726 2.40311 -23.1905 -3.43625 -0.0516494 -3.63692 -0.859692 -2.40311 0 
0.594905 2.425 -23.184 -3.43829 -0.0526811 -3.64162 -0.861593 -2.425 0 
0.380135 1.93446 -23.1848 -3.43364 -0.0522696 -3.6394 -0.862214 -1.93446 0 
0.285591 2.50639 -23.1979 -3.43408 -0.0523614 -3.63361 -0.862966 -2.50639 0 
0.309011 2.34876 -23.1986 -3.43202 -0.0531016 -3.63214 -0.864866 -2.34876 0 
0.420373 1.73323 -23.2107 -3.42612 -0.0431084 -3.63186 -0.863712 -1.73323 0 
0.366929 2.00518 -23.2234 -3.42396 -0.042721 -3.62272 -0.860486 -2.00518 0 
0.358589 2.05116 -23.2331 -3.42361 -0.0362412 -3.62558 -0.866071 -2.05116 0 
0.407597 1.79495 -23.2203 -3.42669 -0.0355008 -3.63006 -0.86632 -1.79495 0 
0.469841 1.51072 -23.213 -3.42543 -0.0375164 -3.62505 -0.864376 -1.51072 0 
0.500854 1.38288 -23.2121 -3.42411 -0.0375799 -3.62342 -0.863036 -1.38288 0 
0.448142 1.60529 -23.2056 -3.42776 -0.0410787 -3.62667 -0.863699 -1.60529 0 
0.494577 1.40811 -23.1826 -3.43281 -0.0440905 -3.63473 -0.863216 -1.40811 0 
0.530018 1.26969 -23.2115 -3.42383 -0.0356649 -3.62929 -0.861994 -1.26969 0 
0.642471 0.884868 -23.2074 -3.4222 -0.030618 -3.63393 -0.861218 -0.884868 0 
0.781464 0.493172 -23.2081 -3.41694 -0.0204968 -3.63903 -0.862552 -0.493172 0 
0.748534 0.579277 -23.2071 -3.41858 -0.0244986 -3.63071 -0.861262 -0.579277 0 
0.680906 0.768662 -23.2202 -3.41634 -0.024733 -3.62974 -0.861821 -0.768662 0 
0.641894 0.886665 -23.222 -3.41673 -0.0273057 -3.62064 -0.860272 -0.886665 0 
0.722258 0.650747 -23.2254 -3.41271 -0.0176133 -3.62987 -0.861181 -0.650747 0 
0.760025 0.548809 -23.2118 -3.41672 -0.0207409 -3.63165 -0.861508 -0.548809 0 
0.712393 0.678252 -23.2028 -3.42115 -0.028731 -3.62633 -0.859025 -0.678252 0 
0.710145 0.684573 -23.2065 -3.42036 -0.0270513 -3.62306 -0.861227 -0.684573 0 
0.829982 0.372702 -23.1979 -3.41497 -0.0231856 -3.63094 -0.858396 -0.372702 0 
0.770595 0.521185 -23.206 -3.407 -0.0159809 -3.63454 -0.856951 -0.521185 0 
0.803878 0.436615 -23.1932 -3.40958 -0.0178604 -3.64003 -0.858131 -0.436615 0 
0.739249 0.60424 -23.1941 -3.40645 -0.0147479 -3.64316 -0.857494 -0.60424 0 
0.677644 0.778266 -23.1982 -3.40439 -0.0102941 -3.64079 -0.861105 -0.778266 0 
0.685807 0.754319 -23.1989 -3.40469 -0.0102132 -3.6416 -0.861655 -0.754319 0 
0.560997 1.15608 -23.2093 -3.39921 -0.00535871 -3.63837 -0.859653 -1.15608 0 
0.505129 1.36588 -23.2181 -3.39618 -0.00287191 -3.64562 -0.862562 -1.36588 0 
0.447239 1.60932 -23.2263 -3.39152 -0.00423243 -3.64592 -0.860915 -1.60932 0 
0.543252 1.22036 -23.2337 -3.39439 -0.00607784 -3.64826 -0.862915 -1.22036 0 
0.555539 1.17563 -23.2165 -3.39739 -0.00597044 -3.65619 -0.862776 -1.17563 0 
1.14011 1.12405 -23.2211 -3.3976 -0.00548761 -3.65862 -0.862766 -1.12405 0 
1.14187 1.12096 -23.2107 -3.39734 -0.00987355 -3.65744 -0.861603 -1.12096 0 
0.51182 1.33956 -23.2 -3.39955 -0.0036587 -3.66447 -0.865068 -1.33956 0 
0.595491 1.03674 -23.1959 -3.40224 -0.00745591 -3.66013 -0.865581 -1.03674 0 
0.574931 1.10701 -23.204 -3.40219 -0.00205169 -3.65505 -0.865139 -1.10701 0 
0.617344 0.964658 -23.1984 -3.40243 -0.00816251 -3.65638 -0.863384 -0.964658 0 
0.555752 1.17487 -23.2151 -3.39846 -0.00406574 -3.65398 -0.863315 -1.17487 0 
0.47421 1.49221 -23.2162 -3.39633 -7.02297e-05 -3.65393 -0.865335 -1.49221 0 
0.588873 1.05909 -23.2028 -3.39988 -0.00908341 -3.64682 -0.863462 -1.05909 0 
0.965904 1.45568 -23.1869 -3.39943 -0.00783049 -3.65318 -0.862917 -1.45568 0 
0.480649 1.46523 -23.2039 -3.39662 -0.00545958 -3.64519 -0.863204 -1.46523 0 
1.03641 1.31476 -23.2027 -3.39878 -0.00475562 -3.65343 -0.86454 -1.31476 0 
0.497043 1.39816 -23.1903 -3.39908 -0.00812322 -3.65211 -0.862932 -1.39816 0 
0.575613 1.10464 -23.1853 -3.40346 -0.00810023 -3.65267 -0.865902 -1.10464 0 
1.27288 0.903735 -23.186 -3.40536 -0.00915997 -3.6495 -0.866458 -0.903735 0 
0.619463 0.957804 -23.1758 -3.40604 -0.0114387 -3.64836 -0.866055 -0.957804 0 
1.11541 1.16785 -23.1558 -3.41013 -0.00924986 -3.66025 -0.868297 -1.16785 0 
0.411413 1.77632 -23.1422 -3.40874 -0.00851148 -3.66588 -0.868399 -1.77632 0 
0.477012 1.48043 -23.1532 -3.40688 -0.010842 -3.65324 -0.867048 -1.48043 0 
0.485309 1.44594 -23.1412 -3.40871 -0.0157027 -3.64747 -0.865976 -1.44594 0 
0.448747 1.60259 -23.1308 -3.41205 -0.0128964 -3.65101 -0.864802 -1.60259 0 
0.7834 1.87452 -23.1231 -3.41401 -0.0092741 -3.65482 -0.867043 -1.87452 0 
0.393535 1.86517 -23.1336 -3.41171 -0.00665488 -3.65855 -0.867724 -1.86517 0 
0.451731 1.58934 -23.1257 -3.41468 -0.0114417 -3.65757 -0.867697 -1.58934 0 
0.335205 2.18603 -23.1257 -3.41242 -0.00525213 -3.66282 -0.871844 -2.18603 0 
0.358079 2.054 -23.1361 -3.41058 -0.00391892 -3.6628 -0.872565 -2.054 0 
0.264585 2.65919 -23.1113 -3.41235 -0.00840321 -3.66542 -0.872472 -2.65919 0 
0.21784 3.04799 -23.1131 -3.40821 -0.00997294 -3.66829 -0.871922 -3.04799 0 
0.455901 2.95725 -23.1063 -3.40987 -0.0128444 -3.66773 -0.871942 -2.95725 0 
0.277262 3.95188 -23.0958 -3.40975 -0.00801416 -3.68462 -0.874174 -3.95188 0 
0.151096 3.77968 -23.0859 -3.41191 -0.0132792 -3.68256 -0.86973 -3.77968 0 
0.106605 4.47724 -23.0774 -3.41349 -0.00831918 -3.6948 -0.87427 -4.47724 0 
0.0733996 5.22367 -23.0954 -3.40537 -0.00340764 -3.68642 -0.870624 -5.22367 0 
0.0963137 4.68029 -23.0787 -3.41246 -0.00710978 -3.6911 -0.870201 -4.68029 0 
0.103685 4.5328 -23.0692 -3.41399 -0.0131322 -3.69196 -0.869999 -4.5328 0 
0.24298 2.82955 -23.0781 -3.41755 -0.0215339 -3.68302 -0.869885 -2.82955 0 
0.169322 3.55191 -23.0547 -3.41883 -0.0282807 -3.68398 -0.866729 -3.55191 0 
0.278485 2.55678 -23.0721 -3.41826 -0.0298252 -3.67933 -0.86634 -2.55678 0 
0.63193 2.30425 -23.0788 -3.4162 -0.0325389 -3.67962 -0.866859 -2.30425 0 
0.34317 2.13906 -23.0689 -3.41996 -0.0373249 -3.68575 -0.865383 -2.13906 0 
0.375614 1.95839 -23.0662 -3.42041 -0.0431215 -3.6745 -0.863019 -1.95839 0 
0.313511 2.31984 -23.0534 -3.42245 -0.0439366 -3.6783 -0.862294 -2.31984 0 
0.296379 2.43223 -23.0435 -3.42462 -0.0477459 -3.68479 -0.862517 -2.43223 0 
0.332021 2.20511 -23.0447 -3.42618 -0.0488093 -3.68333 -0.861011 -2.20511 0 
0.402109 1.82206 -23.0623 -3.421 -0.0492861 -3.6803 -0.863401 -1.82206 0 
0.356016 2.06556 -23.0573 -3.41974 -0.0510802 -3.67684 -0.860905 -2.06556 0 
0.304222 2.38 -23.0566 -3.41763 -0.0490102 -3.68004 -0.860009 -2.38 0 
0.405183 1.80683 -23.0535 -3.42167 -0.0582607 -3.68129 -0.859244 -1.80683 0 
0.337764 2.17082 -23.063 -3.41521 -0.0518911 -3.68003 -0.859623 -2.17082 0 
0.369711 1.99007 -23.0499 -3.4226 -0.055444 -3.67912 -0.86186 -1.99007 0 
0.267272 2.63897 -23.0496 -3.41992 -0.0462078 -3.68373 -0.862124 -2.63897 0 
0.249341 2.77787 -23.0531 -3.41973 -0.0405798 -3.68895 -0.863677 -2.77787 0 
0.270327 2.61625 -23.0498 -3.42206 -0.042251 -3.68495 -0.864192 -2.61625 0 
0.22453 2.98749 -23.0508 -3.4241 -0.0304191 -3.69641 -0.86791 -2.98749 0 
0.221581 3.01394 -23.0526 -3.42447 -0.0275079 -3.70467 -0.868286 -3.01394 0 
0.274245 2.58747 -23.0508 -3.42898 -0.0282971 -3.70525 -0.87083 -2.58747 0 
0.227545 2.96081 -23.0523 -3.42701 -0.0237698 -3.70562 -0.870471 -2.96081 0 
0.300298 2.40596 -23.05 -3.43149 -0.0280835 -3.70291 -0.870812 -2.40596 0 
0.321669 2.26846 -23.0433 -3.4335 -0.0347911 -3.70092 -0.868086 -2.26846 0 
0.222316 3.00732 -23.0565 -3.42387 -0.0251272 -3.70363 -0.866592 -3.00732 0 
0.347173 3.50216 -23.0632 -3.41892 -0.0213943 -3.70864 -0.863674 -3.50216 0 
0.420446 3.11917 -23.061 -3.42064 -0.0256434 -3.70578 -0.863829 -3.11917 0 
0.102398 4.55778 -23.0737 -3.41503 -0.022752 -3.70631 -0.862241 -4.55778 0 
0.207652 3.14379 -23.0616 -3.41883 -0.0283432 -3.70982 -0.862748 -3.14379 0 
0.636929 2.28849 -23.069 -3.42275 -0.0287147 -3.70919 -0.863047 -2.28849 0 
0.220747 3.02148 -23.0759 -3.41387 -0.0278252 -3.70824 -0.860435 -3.02148 0 
0.1931 3.2891 -23.0807 -3.41143 -0.0249007 -3.69907 -0.860537 -3.2891 0 
0.156426 3.71034 -23.0747 -3.41147 -0.0239426 -3.70384 -0.860124 -3.71034 0 
0.0933165 4.74352 -23.0712 -3.41003 -0.0170747 -3.71045 -0.862398 -4.74352 0 
0.14591 3.84953 -23.0771 -3.41071 -0.0217877 -3.70421 -0.860768 -3.84953 0 
0.178966 3.44111 -23.0563 -3.41754 -0.0310296 -3.70956 -0.860665 -3.44111 0 
0.228509 2.95236 -23.0628 -3.41661 -0.0347699 -3.70573 -0.85957 -2.95236 0 
0.231469 2.92662 -23.0578 -3.41983 -0.0333104 -3.7109 -0.860532 -2.92662 0 
0.349032 2.10518 -23.068 -3.41989 -0.0391421 -3.69873 -0.859831 -2.10518 0 
0.430011 1.68789 -23.0554 -3.42737 -0.0485559 -3.69276 -0.858522 -1.68789 0 
0.412005 1.77344 -23.0531 -3.42588 -0.0515243 -3.69214 -0.855476 -1.77344 0 
0.433847 1.67013 -23.0576 -3.42297 -0.0550065 -3.6837 -0.855724 -1.67013 0 
0.340491 2.15473 -23.0474 -3.42159 -0.0559344 -3.68643 -0.854374 -2.15473 0 
0.324158 2.25305 -23.0549 -3.41929 -0.0501317 -3.6839 -0.855171 -2.25305 0 
0.333471 2.1964 -23.0388 -3.42539 -0.057375 -3.68245 -0.856467 -2.1964 0 
0.444562 1.62133 -23.0379 -3.43284 -0.0672383 -3.67936 -0.856108 -1.62133 0 
0.491049 1.42242 -23.0467 -3.43107 -0.0661057 -3.67699 -0.856321 -1.42242 0 
0.480382 1.46635 -23.0411 -3.43276 -0.0724621 -3.67815 -0.855601 -1.46635 0 
0.48482 1.44796 -23.0399 -3.43424 -0.0783532 -3.67737 -0.855361 -1.44796 0 
0.525611 1.28639 -23.0527 -3.42757 -0.0698803 -3.67579 -0.853832 -1.28639 0 
0.43587 1.66082 -23.0395 -3.42951 -0.067837 -3.68488 -0.854302 -1.66082 0 
0.362337 2.03036 -23.0301 -3.43115 -0.0636244 -3.69333 -0.854932 -2.03036 0 
0.306071 2.36787 -23.0232 -3.43294 -0.0584014 -3.6967 -0.855686 -2.36787 0 
0.275123 2.58107 -23.0224 -3.4323 -0.0541818 -3.70692 -0.856498 -2.58107 0 
0.259038 2.70156 -23.0292 -3.4299 -0.0473595 -3.70836 -0.859035 -2.70156 0 
0.25896 2.70216 -23.0228 -3.43282 -0.0495694 -3.71126 -0.860572 -2.70216 0 
0.280304 2.54376 -23.02 -3.43397 -0.0554676 -3.71009 -0.861119 -2.54376 0 
0.219723 3.03078 -23.0212 -3.43198 -0.0453278 -3.71389 -0.862994 -3.03078 0 
0.231457 2.92672 -23.036 -3.42717 -0.0402931 -3.70692 -0.860838 -2.92672 0 
0.228302 2.95417 -23.0475 -3.42269 -0.0368839 -3.70301 -0.86251 -2.95417 0 
0.238623 2.86574 -23.0545 -3.42011 -0.0368524 -3.69863 -0.862158 -2.86574 0 
0.167221 3.57687 -23.0645 -3.41335 -0.0303828 -3.69424 -0.860821 -3.57687 0 
0.204318 3.17615 -23.0728 -3.41197 -0.0319262 -3.67522 -0.859703 -3.17615 0 
0.16428 3.61237 -23.0481 -3.41598 -0.0390092 -3.67357 -0.858218 -3.61237 0 
0.142679 3.89432 -23.0554 -3.4135 -0.0335346 -3.67128 -0.859389 -3.89432 0 
0.195989 3.25939 -23.0471 -3.41949 -0.0384599 -3.67201 -0.861608 -3.25939 0 
0.22805 4.34268 -23.0359 -3.41857 -0.0345773 -3.67948 -0.862526 -4.34268 0 
0.0772641 5.12105 -23.0339 -3.41754 -0.0284401 -3.68885 -0.864636 -5.12105 0 
0.279332 4.74793 -23.0421 -3.41586 -0.0292359 -3.6801 -0.86154 -4.74793 0 
0.0919716 4.77255 -23.0433 -3.41462 -0.0303905 -3.68014 -0.862466 -4.77255 0 
0.139804 3.93503 -23.0369 -3.41992 -0.0367059 -3.68194 -0.862227 -3.93503 0 
0.199348 3.22541 -23.0411 -3.42158 -0.0406613 -3.67463 -0.862899 -3.22541 0 
0.189247 3.3294 -23.0451 -3.42312 -0.0320343 -3.67811 -0.867339 -3.3294 0 
0.516544 2.70748 -23.0469 -3.42641 -0.034897 -3.67602 -0.86725 -2.70748 0 
0.259679 2.69662 -23.0674 -3.42019 -0.027812 -3.6823 -0.867907 -2.69662 0 
0.24059 2.84932 -23.0472 -3.42607 -0.0325569 -3.69054 -0.867114 -2.84932 0 
0.420628 3.11831 -23.0411 -3.42573 -0.0343392 -3.70071 -0.86844 -3.11831 0 
0.246008 2.80478 -23.0317 -3.434 -0.0345055 -3.70309 -0.870269 -2.80478 0 
0.315686 2.30601 -23.0475 -3.4333 -0.0296826 -3.6994 -0.87371 -2.30601 0 
1.2942 2.2568 -23.0681 -3.42855 -0.0188725 -3.69934 -0.875872 -2.2568 0 
0.376108 1.95576 -23.0849 -3.4251 -0.0162584 -3.68785 -0.874981 -1.95576 0 
0.310536 2.33891 -23.0619 -3.43312 -0.0143867 -3.69747 -0.878152 -2.33891 0 
0.376968 1.95119 -23.0554 -3.43813 -0.0206767 -3.69327 -0.878823 -1.95119 0 
0.414674 1.76053 -23.0635 -3.43631 -0.0202905 -3.69017 -0.878158 -1.76053 0 
0.46363 1.53734 -23.0708 -3.43762 -0.0162152 -3.68932 -0.880745 -1.53734 0 
0.529268 1.27252 -23.0682 -3.43949 -0.0255053 -3.68776 -0.879292 -1.27252 0 
0.458706 1.55869 -23.0649 -3.43695 -0.0234781 -3.69095 -0.877299 -1.55869 0 
0.489348 1.42936 -23.061 -3.44012 -0.0274182 -3.6879 -0.877158 -1.42936 0 
0.421002 1.73024 -23.0641 -3.43608 -0.0209703 -3.69542 -0.878956 -1.73024 0 
0.360046 2.04305 -23.0596 -3.43529 -0.0191232 -3.69972 -0.878855 -2.04305 0 
0.356482 2.06295 -23.034 -3.44453 -0.0331187 -3.70254 -0.877725 -2.06295 0 
0.805212 1.81959 -23.045 -3.44284 -0.0292639 -3.70529 -0.875368 -1.81959 0 
0.392396 1.87097 -23.0456 -3.44191 -0.0281047 -3.70259 -0.874658 -1.87097 0 
0.384416 1.91206 -23.0361 -3.44449 -0.0358892 -3.69385 -0.873839 -1.91206 0 
0.397141 1.84693 -23.0508 -3.4371 -0.0309606 -3.69471 -0.871958 -1.84693 0 
0.399887 1.83315 -23.0456 -3.44029 -0.032364 -3.70376 -0.872767 -1.83315 0 
0.44068 1.63887 -23.0532 -3.43873 -0.0320192 -3.71055 -0.873459 -1.63887 0 
0.464752 1.5325 -23.0491 -3.44185 -0.0373918 -3.72127 -0.873306 -1.5325 0 
0.45209 1.58775 -23.0448 -3.44312 -0.0398076 -3.71899 -0.874435 -1.58775 0 
0.885644 1.62918 -23.0376 -3.44727 -0.0479321 -3.71875 -0.875004 -1.62918 0 
0.444871 1.61994 -23.0377 -3.44214 -0.0546735 -3.71529 -0.871709 -1.61994 0 
0.486335 1.44172 -23.0556 -3.4345 -0.0445928 -3.71879 -0.870869 -1.44172 0 
0.475243 1.48786 -23.0535 -3.43638 -0.0423098 -3.72575 -0.874066 -1.48786 0 
0.389615 1.88519 -23.0336 -3.43924 -0.0504602 -3.73503 -0.873325 -1.88519 0 
0.35899 2.04892 -23.0226 -3.44482 -0.0540768 -3.74127 -0.87617 -2.04892 0 
0.350652 2.09592 -23.0188 -3.44444 -0.0605481 -3.73305 -0.87419 -2.09592 0 
0.254065 2.74033 -22.9988 -3.44499 -0.0648602 -3.74019 -0.872642 -2.74033 0 
0.269199 2.62461 -22.9997 -3.44583 -0.0688454 -3.73774 -0.871031 -2.62461 0 
0.238902 2.8634 -22.9898 -3.44964 -0.0765864 -3.73551 -0.871392 -2.8634 0 
0.276859 2.56849 -22.999 -3.44797 -0.0771944 -3.73103 -0.871157 -2.56849 0 
0.221081 3.01845 -22.986 -3.44964 -0.0736215 -3.7397 -0.871078 -3.01845 0 
0.2679 2.63428 -23.0004 -3.44666 -0.0649272 -3.73703 -0.871678 -2.63428 0 
0.286632 2.49911 -23.0039 -3.44725 -0.0648355 -3.73206 -0.871657 -2.49911 0 
0.260432 2.69083 -23.0007 -3.44512 -0.0630893 -3.74015 -0.872992 -2.69083 0 
0.170051 3.54332 -22.9775 -3.44905 -0.0641062 -3.7499 -0.871319 -3.54332 0 
0.171755 3.52338 -22.9741 -3.4517 -0.0688347 -3.75451 -0.871603 -3.52338 0 
0.153002 3.75461 -22.9721 -3.4533 -0.0593651 -3.76423 -0.874844 -3.75461 0 
0.196774 3.25139 -22.9871 -3.45124 -0.0540336 -3.76408 -0.873831 -3.25139 0 
0.204504 3.17433 -22.985 -3.45303 -0.0600115 -3.75812 -0.871171 -3.17433 0 
0.2052 3.16754 -22.983 -3.45914 -0.0609483 -3.7573 -0.873339 -3.16754 0 
0.189414 3.32764 -22.9786 -3.46261 -0.0615094 -3.76668 -0.875011 -3.32764 0 
0.207816 3.14221 -22.9844 -3.46253 -0.0634554 -3.77206 -0.875375 -3.14221 0 
0.225865 2.97563 -22.9889 -3.45956 -0.0688501 -3.75849 -0.87387 -2.97563 0 
0.211218 3.10973 -22.9871 -3.46271 -0.0717097 -3.76082 -0.872415 -3.10973 0 
0.256075 2.72457 -22.998 -3.4583 -0.0713096 -3.75922 -0.871949 -2.72457 0 
0.29851 2.4179 -23.0061 -3.45053 -0.062393 -3.7604 -0.872714 -2.4179 0 
0.395911 1.85313 -23.0262 -3.44694 -0.068184 -3.74645 -0.871531 -1.85313 0 
0.399438 1.8354 -23.0264 -3.4459 -0.0673748 -3.74893 -0.870738 -1.8354 0 
0.413659 1.76543 -23.0288 -3.4428 -0.0673228 -3.74804 -0.869412 -1.76543 0 
0.489055 1.43056 -23.0437 -3.44156 -0.0622839 -3.74066 -0.870677 -1.43056 0 
0.478196 1.47547 -23.0415 -3.44223 -0.0643344 -3.73309 -0.869207 -1.47547 0 
0.405571 1.80492 -23.028 -3.44473 -0.0616754 -3.73354 -0.869306 -1.80492 0 
0.373928 1.96738 -23.0229 -3.44459 -0.0595703 -3.73143 -0.868766 -1.96738 0 
0.363963 2.0214 -23.0244 -3.43941 -0.0597083 -3.72916 -0.865536 -2.0214 0 
0.411252 1.7771 -23.0358 -3.43617 -0.056976 -3.7252 -0.864457 -1.7771 0 
0.398284 1.84118 -23.0443 -3.43185 -0.0492699 -3.72324 -0.865549 -1.84118 0 
0.431543 1.68078 -23.051 -3.43037 -0.0487736 -3.72004 -0.86605 -1.68078 0 
0.38263 1.92137 -23.0394 -3.43066 -0.0553121 -3.71865 -0.864274 -1.92137 0 
0.878181 1.6461 -23.052 -3.42624 -0.0565234 -3.71514 -0.864006 -1.6461 0 
0.52544 1.28704 -23.0671 -3.42341 -0.0559785 -3.71725 -0.865155 -1.28704 0 
0.481198 1.46295 -23.0668 -3.42165 -0.053386 -3.71835 -0.864446 -1.46295 0 
0.454838 1.57563 -23.0653 -3.42245 -0.050026 -3.71803 -0.86559 -1.57563 0 
0.366877 2.00546 -23.0712 -3.41913 -0.0396991 -3.72905 -0.867662 -2.00546 0 
0.316976 2.29786 -23.0609 -3.41976 -0.0421835 -3.7356 -0.867906 -2.29786 0 
0.237563 2.87464 -23.0669 -3.41241 -0.0408245 -3.72878 -0.863972 -2.87464 0 
0.186865 3.35474 -23.0655 -3.412 -0.0353824 -3.73039 -0.863865 -3.35474 0 
0.622004 3.14684 -23.0758 -3.40896 -0.035958 -3.73313 -0.863859 -3.14684 0 
0.174965 3.48634 -23.0829 -3.40515 -0.0331251 -3.73152 -0.863682 -3.48634 0 
0.26534 4.03978 -23.0877 -3.40143 -0.0300395 -3.73053 -0.861902 -4.03978 0 
0.129636 4.08606 -23.0796 -3.40341 -0.0316638 -3.73016 -0.862296 -4.08606 0 
0.162514 3.63398 -23.0759 -3.40531 -0.0364604 -3.73167 -0.861664 -3.63398 0 
0.150378 3.78921 -23.0914 -3.39787 -0.0375792 -3.72276 -0.860992 -3.78921 0 
0.495116 2.79222 -23.0935 -3.40046 -0.0443407 -3.71929 -0.859108 -2.79222 0 
0.297514 2.42459 -23.1033 -3.40042 -0.0426224 -3.71628 -0.860728 -2.42459 0 
0.26126 2.68448 -23.1265 -3.39438 -0.0342291 -3.71828 -0.863122 -2.68448 0 
0.518353 2.70049 -23.1345 -3.39089 -0.035922 -3.71775 -0.863334 -2.70049 0 
0.291274 2.46698 -23.1552 -3.38515 -0.0383754 -3.70144 -0.8607 -2.46698 0 
0.169926 3.54478 -23.1641 -3.3791 -0.0313003 -3.69758 -0.860791 -3.54478 0 
0.125123 4.15691 -23.1659 -3.37604 -0.0295752 -3.70789 -0.862585 -4.15691 0 
0.304016 3.76765 -23.1484 -3.38207 -0.0317441 -3.71439 -0.862597 -3.76765 0 
0.214081 3.0828 -23.1435 -3.38732 -0.0322904 -3.714 -0.863595 -3.0828 0 
0.33269 2.20109 -23.1381 -3.39349 -0.0356581 -3.7155 -0.865805 -2.20109 0 
0.312295 2.32762 -23.1247 -3.39737 -0.0345713 -3.72339 -0.867789 -2.32762 0 
0.419954 1.73522 -23.1303 -3.39951 -0.0364961 -3.71559 -0.866949 -1.73522 0 
0.283923 2.5181 -23.121 -3.39749 -0.0340166 -3.72684 -0.867331 -2.5181 0 
0.223557 2.99618 -23.1208 -3.39723 -0.0278152 -3.72384 -0.868453 -2.99618 0 
0.188642 3.3358 -23.1171 -3.3965 -0.027422 -3.72345 -0.866781 -3.3358 0 
0.374407 1.96482 -23.1333 -3.39751 -0.0343855 -3.71805 -0.867998 -1.96482 0 
0.491572 1.42029 -23.1351 -3.40103 -0.0363033 -3.71955 -0.86892 -1.42029 0 
0.380115 1.93456 -23.1429 -3.39553 -0.0326333 -3.72189 -0.868967 -1.93456 0 
0.418634 1.74152 -23.1437 -3.39801 -0.03033 -3.72542 -0.870575 -1.74152 0 
0.498191 1.39354 -23.1378 -3.4011 -0.0349063 -3.71922 -0.866176 -1.39354 0 
0.457619 1.56343 -23.1434 -3.39789 -0.0344398 -3.71657 -0.86404 -1.56343 0 
0.453324 1.5823 -23.1255 -3.3996 -0.0429217 -3.71268 -0.860857 -1.5823 0 
0.511901 1.33925 -23.138 -3.39935 -0.0398851 -3.70696 -0.859701 -1.33925 0 
0.613553 0.976977 -23.1216 -3.40547 -0.0483304 -3.70748 -0.858367 -0.976977 0 
0.567261 1.13387 -23.1445 -3.39712 -0.0453529 -3.69024 -0.852963 -1.13387 0 
0.510959 1.34293 -23.1533 -3.3934 -0.0426913 -3.69248 -0.852658 -1.34293 0 
0.572639 1.115 -23.1523 -3.39824 -0.0382114 -3.69207 -0.855881 -1.115 0 
0.534618 1.25241 -23.1644 -3.3938 -0.0372521 -3.68798 -0.852269 -1.25241 0 
0.527141 1.28057 -23.1829 -3.39159 -0.0313238 -3.6847 -0.852668 -1.28057 0 
0.602633 1.01289 -23.1778 -3.3932 -0.0373314 -3.68308 -0.853805 -1.01289 0 
0.611717 0.982971 -23.1678 -3.39641 -0.0364576 -3.68457 -0.854017 -0.982971 0 
1.41081 0.697962 -23.1639 -3.39877 -0.0428241 -3.67825 -0.851192 -0.697962 0 
0.775876 0.507525 -23.1654 -3.39828 -0.0518746 -3.66776 -0.845706 -0.507525 0 
0.722832 0.649156 -23.1796 -3.39347 -0.0494494 -3.66432 -0.844958 -0.649156 0 
0.532304 1.26108 -23.2054 -3.38239 -0.0433518 -3.65511 -0.841708 -1.26108 0 
0.479422 1.47035 -23.2244 -3.37812 -0.0407155 -3.64682 -0.842781 -1.47035 0 
0.369556 1.99091 -23.2314 -3.37359 -0.0356626 -3.63612 -0.843036 -1.99091 0 
0.690616 2.12664 -23.2268 -3.37318 -0.0353694 -3.64304 -0.843027 -2.12664 0 
0.562732 1.1499 -23.2195 -3.38198 -0.0430555 -3.63961 -0.846822 -1.1499 0 
0.427702 1.69866 -23.2406 -3.37437 -0.0383185 -3.63397 -0.845618 -1.69866 0 
0.521651 1.30151 -23.2373 -3.37789 -0.0445448 -3.62446 -0.844259 -1.30151 0 
0.546199 1.20954 -23.2328 -3.38017 -0.0430554 -3.63091 -0.845205 -1.20954 0 
0.468412 1.51681 -23.2426 -3.37738 -0.0368117 -3.62281 -0.842524 -1.51681 0 
0.559514 1.16137 -23.2344 -3.38055 -0.0449418 -3.62216 -0.841931 -1.16137 0 
0.634768 0.908992 -23.2329 -3.38619 -0.0511342 -3.61533 -0.841972 -0.908992 0 
0.659133 0.833659 -23.2202 -3.38631 -0.0490641 -3.61993 -0.843913 -0.833659 0 
0.602033 1.01489 -23.2154 -3.38484 -0.0428679 -3.62402 -0.843029 -1.01489 0 
0.584217 1.07497 -23.2182 -3.38323 -0.0437187 -3.62326 -0.842895 -1.07497 0 
0.433138 1.6734 -23.238 -3.37653 -0.0348624 -3.62262 -0.842045 -1.6734 0 
0.433681 1.67089 -23.2272 -3.37989 -0.0302943 -3.62317 -0.841234 -1.67089 0 
0.531933 1.26248 -23.2231 -3.38425 -0.0331899 -3.62589 -0.841263 -1.26248 0 
0.549079 1.19903 -23.2252 -3.38418 -0.0351053 -3.6295 -0.841606 -1.19903 0 
0.606112 1.00138 -23.2285 -3.38656 -0.0372458 -3.63253 -0.845358 -1.00138 0 
0.570855 1.12124 -23.239 -3.38365 -0.0395794 -3.61906 -0.840674 -1.12124 0 
0.560923 1.15634 -23.2499 -3.38529 -0.0371104 -3.61535 -0.841083 -1.15634 0 
0.49311 1.41405 -23.264 -3.38073 -0.0375999 -3.59921 -0.839702 -1.41405 0 
0.484159 1.45068 -23.2643 -3.38103 -0.0327909 -3.60299 -0.839916 -1.45068 0 
0.472867 1.49788 -23.2629 -3.38139 -0.0272335 -3.60642 -0.841795 -1.49788 0 
0.454772 1.57592 -23.2707 -3.38177 -0.0232467 -3.61186 -0.844232 -1.57592 0 
0.483747 1.45239 -23.2597 -3.38459 -0.0200028 -3.62074 -0.84452 -1.45239 0 
0.547062 1.20639 -23.2459 -3.38817 -0.0220909 -3.62588 -0.845959 -1.20639 0 
0.490379 1.42515 -23.2535 -3.38604 -0.0175037 -3.61748 -0.843159 -1.42515 0 
0.644339 0.879062 -23.2371 -3.39435 -0.0304258 -3.61503 -0.841378 -0.879062 0 
0.647903 0.868028 -23.2376 -3.39509 -0.0292549 -3.6108 -0.844294 -0.868028 0 
1.17191 1.06903 -23.2534 -3.39525 -0.0280052 -3.60935 -0.845031 -1.06903 0 
0.593595 1.04311 -23.2481 -3.40016 -0.0310939 -3.6103 -0.846632 -1.04311 0 
0.667999 0.806937 -23.2354 -3.3984 -0.0298473 -3.61618 -0.846492 -0.806937 0 
0.655617 0.844358 -23.2353 -3.40118 -0.033791 -3.61089 -0.846128 -0.844358 0 
0.644952 0.877158 -23.2392 -3.39849 -0.0327344 -3.60773 -0.845555 -0.877158 0 
0.665806 0.813513 -23.2309 -3.40129 -0.0375258 -3.60754 -0.84389 -0.813513 0 
0.665375 0.814809 -23.2304 -3.40314 -0.035851 -3.60642 -0.844385 -0.814809 0 
0.627832 0.930964 -23.2315 -3.40344 -0.0409919 -3.60291 -0.84251 -0.930964 0 
0.606355 1.00058 -23.2228 -3.40762 -0.0465576 -3.60393 -0.841368 -1.00058 0 
0.677205 0.779562 -23.2172 -3.40531 -0.0462003 -3.60409 -0.838611 -0.779562 0 
0.620905 0.953155 -23.2389 -3.39964 -0.0380683 -3.59724 -0.840053 -0.953155 0 
0.601498 1.01666 -23.2419 -3.39863 -0.0397297 -3.60202 -0.84054 -1.01666 0 
0.614139 0.975067 -23.2408 -3.39983 -0.0368071 -3.6057 -0.841198 -0.975067 0 
0.649245 0.863892 -23.2362 -3.39521 -0.0285728 -3.60874 -0.841112 -0.863892 0 
0.594744 1.03925 -23.2521 -3.39593 -0.0256457 -3.61104 -0.844201 -1.03925 0 
0.52649 1.28304 -23.2684 -3.39389 -0.0197124 -3.61228 -0.84539 -1.28304 0 
1.0034 1.37951 -23.2715 -3.3905 -0.0247579 -3.59974 -0.840723 -1.37951 0 
1.06705 1.2565 -23.2605 -3.3963 -0.0312322 -3.60567 -0.841458 -1.2565 0 
0.664541 0.817316 -23.2292 -3.40238 -0.0384293 -3.61421 -0.840826 -0.817316 0 
0.705508 0.697675 -23.2254 -3.40202 -0.0327037 -3.61108 -0.840274 -0.697675 0 
0.701525 0.708997 -23.2227 -3.40454 -0.0358573 -3.60292 -0.840352 -0.708997 0 
0.707129 0.693085 -23.2134 -3.40758 -0.0417907 -3.59938 -0.838441 -0.693085 0 
0.684519 0.758076 -23.2231 -3.40448 -0.0388422 -3.58868 -0.836843 -0.758076 0 
0.633724 0.912285 -23.2406 -3.39598 -0.0332181 -3.58366 -0.838077 -0.912285 0 
0.59552 1.03664 -23.2424 -3.3979 -0.0408481 -3.5838 -0.837229 -1.03664 0 
0.617926 0.962772 -23.243 -3.39436 -0.0369255 -3.59079 -0.839704 -0.962772 0 
0.645546 0.875318 -23.2352 -3.39485 -0.0413163 -3.58642 -0.836664 -0.875318 0 
0.694589 0.728869 -23.226 -3.39852 -0.0384802 -3.5972 -0.839931 -0.728869 0 
0.666298 0.812036 -23.2326 -3.39585 -0.036074 -3.59169 -0.83949 -0.812036 0 
0.711618 0.680427 -23.2206 -3.39822 -0.0407476 -3.59052 -0.835289 -0.680427 0 
0.728123 0.634571 -23.215 -3.397 -0.0427908 -3.59363 -0.834577 -0.634571 0 
0.704507 0.700514 -23.2217 -3.39593 -0.0419469 -3.59333 -0.837606 -0.700514 0 
0.701431 0.709266 -23.2221 -3.39623 -0.0446934 -3.58823 -0.838049 -0.709266 0 
0.707047 0.693317 -23.2144 -3.39337 -0.041582 -3.58758 -0.837859 -0.693317 0 
0.681501 0.766915 -23.2218 -3.39166 -0.0421382 -3.58476 -0.83758 -0.766915 0 
0.622286 0.948709 -23.239 -3.38996 -0.0420699 -3.58145 -0.837173 -0.948709 0 
0.527093 1.28076 -23.2595 -3.38575 -0.0308678 -3.58063 -0.839624 -1.28076 0 
0.442988 1.62843 -23.2734 -3.38026 -0.0267054 -3.57788 -0.838448 -1.62843 0 
0.420897 1.73073 -23.2835 -3.38008 -0.0257299 -3.57098 -0.840592 -1.73073 0 
0.451673 1.58959 -23.2766 -3.38193 -0.027332 -3.57543 -0.839683 -1.58959 0 
0.462477 1.54232 -23.277 -3.38384 -0.0335036 -3.57048 -0.840723 -1.54232 0 
0.491707 1.41974 -23.2679 -3.38367 -0.0321008 -3.56729 -0.838737 -1.41974 0 
0.476303 1.4834 -23.2739 -3.38462 -0.0307522 -3.56586 -0.839881 -1.4834 0 
0.44298 1.62846 -23.2787 -3.38042 -0.0320483 -3.56317 -0.839227 -1.62846 0 
0.425824 1.70746 -23.2783 -3.37797 -0.0311146 -3.55512 -0.83784 -1.70746 0 
0.491335 1.42126 -23.2627 -3.38161 -0.0330355 -3.56009 -0.838054 -1.42126 0 
0.547392 1.20518 -23.2568 -3.3872 -0.0350075 -3.55738 -0.839177 -1.20518 0 
1.09884 1.19778 -23.2576 -3.38816 -0.0335705 -3.56108 -0.841205 -1.19778 0 
1.06603 1.25841 -23.2609 -3.38815 -0.0244409 -3.56953 -0.845983 -1.25841 0 
0.5576 1.16823 -23.2584 -3.39101 -0.0289374 -3.56633 -0.844629 -1.16823 0 
0.468422 1.51677 -23.268 -3.38396 -0.0197307 -3.56562 -0.844904 -1.51677 0 
0.431706 1.68002 -23.2651 -3.38305 -0.0137819 -3.56649 -0.845986 -1.68002 0 
0.447506 1.60813 -23.266 -3.38336 -0.0158959 -3.56125 -0.846833 -1.60813 0 
0.520538 1.30578 -23.2535 -3.38822 -0.0170099 -3.56653 -0.847517 -1.30578 0 
0.539173 1.23544 -23.26 -3.3917 -0.0136708 -3.55818 -0.849206 -1.23544 0 
0.570065 1.12401 -23.2529 -3.39313 -0.0150414 -3.55794 -0.85019 -1.12401 0 
0.628357 0.929294 -23.245 -3.39668 -0.019577 -3.56087 -0.852567 -0.929294 0 
0.561305 1.15498 -23.2534 -3.39272 -0.0134813 -3.56754 -0.852262 -1.15498 0 
1.23925 0.957285 -23.2372 -3.39542 -0.0159168 -3.57367 -0.853774 -0.957285 0 
0.546619 1.20801 -23.2462 -3.39035 -0.0156559 -3.56577 -0.851242 -1.20801 0 
0.560845 1.15662 -23.2513 -3.39097 -0.0180591 -3.56074 -0.849227 -1.15662 0 
0.504287 1.36922 -23.2404 -3.38958 -0.0116919 -3.57166 -0.852381 -1.36922 0 
0.516467 1.32149 -23.2407 -3.39029 -0.0115688 -3.57431 -0.852568 -1.32149 0 
0.58618 1.06826 -23.2278 -3.39408 -0.0146234 -3.583 -0.85241 -1.06826 0 
0.593943 1.04194 -23.2405 -3.39375 -0.0150801 -3.58448 -0.855574 -1.04194 0 
0.628169 0.929893 -23.2306 -3.39391 -0.0210457 -3.59251 -0.85405 -0.929893 0 
0.557442 1.16879 -23.2454 -3.39279 -0.0110199 -3.5908 -0.854681 -1.16879 0 
0.608625 0.993107 -23.2379 -3.39669 -0.0103152 -3.59547 -0.855582 -0.993107 0 
0.653299 0.851439 -23.21 -3.39957 -0.0147403 -3.60193 -0.854531 -0.851439 0 
0.716489 0.666785 -23.2059 -3.40207 -0.0183259 -3.59463 -0.856795 -0.666785 0 
0.821365 0.393576 -23.195 -3.40743 -0.0290483 -3.59147 -0.855102 -0.393576 0 
0.732168 0.623491 -23.2077 -3.40102 -0.0234355 -3.58647 -0.853709 -0.623491 0 
0.748488 0.579399 -23.2112 -3.40066 -0.0291203 -3.58168 -0.84993 -0.579399 0 
0.757118 0.556471 -23.1996 -3.39973 -0.0330949 -3.58407 -0.848393 -0.556471 0 
0.780403 0.495891 -23.1916 -3.40224 -0.0324208 -3.59154 -0.850193 -0.495891 0 
0.790348 0.470563 -23.1925 -3.40304 -0.0320772 -3.58676 -0.851661 -0.470563 0 
0.710563 0.683394 -23.2029 -3.40017 -0.0229333 -3.58773 -0.854187 -0.683394 0 
0.706123 0.695931 -23.1966 -3.4001 -0.0244501 -3.58509 -0.85401 -0.695931 0 
0.697093 0.721674 -23.2048 -3.39752 -0.0269408 -3.57929 -0.852868 -0.721674 0 
0.662329 0.823985 -23.2143 -3.39476 -0.0265004 -3.57447 -0.852056 -0.823985 0 
0.735862 0.613426 -23.2084 -3.3967 -0.0361148 -3.56885 -0.849317 -0.613426 0 
0.746812 0.583882 -23.1979 -3.39705 -0.0381851 -3.56893 -0.847883 -0.583882 0 
0.640664 0.890501 -23.1964 -3.39254 -0.0347939 -3.57167 -0.846564 -0.890501 0 
0.596814 1.0323 -23.2045 -3.38928 -0.0343377 -3.57237 -0.84741 -1.0323 0 
0.443109 1.62788 -23.1996 -3.38568 -0.0287747 -3.58121 -0.846721 -1.62788 0 
0.297895 2.42203 -23.1936 -3.3822 -0.0246207 -3.59282 -0.846963 -2.42203 0 
0.357617 2.05659 -23.2012 -3.382 -0.0276843 -3.58306 -0.845748 -2.05659 0 
0.293686 2.45049 -23.2087 -3.37682 -0.0288177 -3.58466 -0.843552 -2.45049 0 
0.278076 2.55972 -23.2077 -3.37819 -0.024459 -3.59036 -0.84363 -2.55972 0 
0.207436 3.14587 -23.2123 -3.37437 -0.021859 -3.58919 -0.843568 -3.14587 0 
0.273627 2.59198 -23.2021 -3.37935 -0.0240067 -3.58932 -0.845211 -2.59198 0 
0.189333 3.3285 -23.2133 -3.37465 -0.0180946 -3.59168 -0.846253 -3.3285 0 
0.19792 3.23978 -23.2071 -3.37616 -0.019101 -3.59342 -0.844809 -3.23978 0 
0.15669 3.70697 -23.2127 -3.37457 -0.0137334 -3.59606 -0.844551 -3.70697 0 
0.113716 4.34809 -23.2174 -3.3722 -0.00887794 -3.60292 -0.846499 -4.34809 0 
0.0661531 5.43157 -23.2252 -3.36821 -0.00221995 -3.60416 -0.847976 -5.43157 0 
0.0563949 5.75075 -23.2328 -3.36597 -0.000145364 -3.60567 -0.849595 -5.75075 0 
0.100377 4.59764 -23.2489 -3.36477 -0.00764641 -3.5933 -0.84668 -4.59764 0 
0.149406 3.80218 -23.2543 -3.36586 -0.0130716 -3.5789 -0.845642 -3.80218 0 
0.125325 4.15369 -23.2418 -3.36664 -0.0120697 -3.58677 -0.844554 -4.15369 0 
0.213706 3.08631 -23.2448 -3.37233 -0.0128353 -3.58911 -0.846921 -3.08631 0 
0.189495 3.32678 -23.2605 -3.36885 -0.0107068 -3.58936 -0.849163 -3.32678 0 
0.162958 3.62852 -23.2657 -3.36631 -0.00987406 -3.58612 -0.849525 -3.62852 0 
0.177015 3.46304 -23.2641 -3.36543 -0.014969 -3.58012 -0.84949 -3.46304 0 
0.161529 3.64614 -23.263 -3.36426 -0.0152986 -3.57912 -0.848939 -3.64614 0 
0.393438 3.25196 -23.2535 -3.36746 -0.0176067 -3.58098 -0.849824 -3.25196 0 
0.214193 3.08176 -23.2641 -3.36751 -0.0164105 -3.57968 -0.850616 -3.08176 0 
0.204817 3.17128 -23.2656 -3.36554 -0.0188457 -3.57692 -0.85074 -3.17128 0 
0.103923 4.52821 -23.2877 -3.35657 -0.0110771 -3.57141 -0.850309 -4.52821 0 
0.131982 4.05018 -23.2889 -3.35858 -0.0126949 -3.56708 -0.852965 -4.05018 0 
0.179732 3.43258 -23.2786 -3.36115 -0.0199732 -3.56727 -0.853702 -3.43258 0 
0.306923 2.36232 -23.2625 -3.36862 -0.0284024 -3.56569 -0.853488 -2.36232 0 
0.364373 2.01915 -23.2464 -3.37171 -0.0336743 -3.57375 -0.854018 -2.01915 0 
0.345262 2.1269 -23.2486 -3.36954 -0.0357488 -3.57782 -0.851924 -2.1269 0 
0.41082 1.7792 -23.2338 -3.3737 -0.0389349 -3.5778 -0.852164 -1.7792 0 
0.506808 1.35925 -23.2206 -3.37697 -0.0471396 -3.58106 -0.851594 -1.35925 0 
0.544184 1.21694 -23.2176 -3.37831 -0.0498263 -3.575 -0.848578 -1.21694 0 
0.568194 1.13058 -23.2208 -3.38084 -0.0460471 -3.58127 -0.849243 -1.13058 0 
0.562423 1.151 -23.2358 -3.37898 -0.048861 -3.57324 -0.847705 -1.151 0 
1.1023 1.19149 -23.2206 -3.38014 -0.0455106 -3.58253 -0.848594 -1.19149 0 
0.536965 1.24364 -23.2187 -3.3801 -0.0442805 -3.58052 -0.848445 -1.24364 0 
0.542374 1.2236 -23.2059 -3.3821 -0.0442822 -3.58423 -0.84931 -1.2236 0 
1.06321 1.26371 -23.2164 -3.38004 -0.0445215 -3.58051 -0.847357 -1.26371 0 
0.904336 1.5874 -23.2249 -3.37776 -0.0375562 -3.57322 -0.848834 -1.5874 0 
0.601639 1.01619 -23.2102 -3.38296 -0.0481077 -3.57111 -0.847999 -1.01619 0 
0.522189 1.29945 -23.2243 -3.37866 -0.0444131 -3.55957 -0.847885 -1.29945 0 
0.562143 1.152 -23.2313 -3.38045 -0.0446474 -3.55122 -0.848794 -1.152 0 
0.474484 1.49105 -23.2457 -3.37694 -0.0376801 -3.5487 -0.848616 -1.49105 0 
0.503205 1.37352 -23.2353 -3.37996 -0.036074 -3.54917 -0.848842 -1.37352 0 
0.446334 1.61338 -23.2398 -3.37723 -0.0338166 -3.55091 -0.848792 -1.61338 0 
0.417413 1.74736 -23.2472 -3.37419 -0.035701 -3.53867 -0.846554 -1.74736 0 
0.43595 1.66046 -23.2424 -3.37533 -0.0366336 -3.54027 -0.846461 -1.66046 0 
0.380846 1.93072 -23.2403 -3.37484 -0.0307041 -3.54376 -0.848958 -1.93072 0 
0.36204 2.032 -23.2466 -3.37357 -0.0294193 -3.53628 -0.848253 -2.032 0 
0.349198 2.10423 -23.2452 -3.37298 -0.0295074 -3.53405 -0.84858 -2.10423 0 
0.484179 1.4506 -23.2352 -3.37684 -0.0413752 -3.53623 -0.846217 -1.4506 0 
0.618095 0.962227 -23.2258 -3.38248 -0.0508138 -3.52978 -0.844909 -0.962227 0 
0.744085 0.5912 -23.2006 -3.39028 -0.0569076 -3.53452 -0.84325 -0.5912 0 
0.72412 0.645596 -23.2018 -3.38903 -0.0552793 -3.53116 -0.842726 -0.645596 0 
0.561838 1.15308 -23.2379 -3.38148 -0.0427092 -3.52455 -0.844229 -1.15308 0 
0.438233 1.65001 -23.2511 -3.37529 -0.0356358 -3.52636 -0.845712 -1.65001 0 
0.380044 1.93494 -23.252 -3.37451 -0.0282009 -3.53511 -0.848806 -1.93494 0 
0.399351 1.83583 -23.2434 -3.3776 -0.0257138 -3.53981 -0.849088 -1.83583 0 
0.307764 2.35684 -23.2486 -3.37213 -0.0249542 -3.54368 -0.847385 -2.35684 0 
0.30503 2.37469 -23.2471 -3.37087 -0.0279673 -3.54256 -0.847533 -2.37469 0 
0.155821 3.71809 -23.262 -3.3644 -0.0141686 -3.5453 -0.850689 -3.71809 0 
0.142229 3.90064 -23.2637 -3.36408 -0.0117848 -3.54154 -0.848786 -3.90064 0 
0.163925 3.61669 -23.2431 -3.36749 -0.0163713 -3.54798 -0.850052 -3.61669 0 
0.316136 2.30316 -23.2331 -3.37431 -0.0263035 -3.5476 -0.850005 -2.30316 0 
0.252901 2.74952 -23.2401 -3.37005 -0.025188 -3.54911 -0.849425 -2.74952 0 
0.214723 3.07681 -23.2401 -3.36781 -0.0249556 -3.54528 -0.847485 -3.07681 0 
0.175857 3.47617 -23.2281 -3.36839 -0.0228515 -3.5538 -0.848627 -3.47617 0 
0.221837 3.01162 -23.2337 -3.37033 -0.0228823 -3.54985 -0.84919 -3.01162 0 
0.158599 3.68275 -23.2248 -3.36878 -0.0206891 -3.55595 -0.849634 -3.68275 0 
0.178685 3.44426 -23.2353 -3.36804 -0.0207863 -3.55289 -0.850919 -3.44426 0 
0.10673 4.47491 -23.2529 -3.36154 -0.0143343 -3.54751 -0.850263 -4.47491 0 
0.092845 4.75365 -23.2516 -3.36035 -0.0142176 -3.55308 -0.850168 -4.75365 0 
0.0840626 4.95239 -23.2518 -3.36097 -0.0104212 -3.55131 -0.85191 -4.95239 0 
0.0482446 6.06294 -23.2433 -3.3579 -0.00973901 -3.55212 -0.848767 -6.06294 0 
0.0541898 5.83052 -23.261 -3.35329 -0.0142804 -3.54506 -0.846338 -5.83052 0 
0.0356554 6.66771 -23.2579 -3.34955 -0.0158186 -3.54377 -0.845541 -6.66771 0 
0.0378872 6.54629 -23.2458 -3.35167 -0.0177152 -3.5547 -0.847105 -6.54629 0 
0.0275333 7.18472 -23.2632 -3.34803 -0.0119025 -3.55374 -0.849847 -7.18472 0 
0.0319008 6.89025 -23.2646 -3.34736 -0.0153903 -3.55812 -0.849818 -6.89025 0 
0.0462727 6.14641 -23.2713 -3.34977 -0.0140438 -3.56072 -0.853294 -6.14641 0 
0.0435949 7.65193 -23.2806 -3.3429 -0.0113467 -3.55924 -0.850676 -7.65193 0 
0.0365687 6.61713 -23.2788 -3.34586 -0.0149845 -3.55495 -0.851755 -6.61713 0 
0.0459214 6.16165 -23.2793 -3.34729 -0.0160054 -3.55754 -0.854015 -6.16165 0 
0.0406286 6.40656 -23.2529 -3.35295 -0.0124911 -3.56914 -0.856786 -6.40656 0 
0.0177045 8.06788 -23.2468 -3.34909 -0.00957702 -3.57331 -0.855968 -8.06788 0 
0.0246847 7.40315 -23.2618 -3.34847 -0.00936072 -3.56289 -0.855663 -7.40315 0 
0.0218114 7.65064 -23.2816 -3.34541 -0.00513217 -3.5611 -0.856141 -7.65064 0 
0.00850006 9.53536 -23.3002 -3.33572 -0.00328062 -3.54968 -0.851812 -9.53536 0 
0.00643212 10.0929 -23.3028 -3.33387 -0.00220031 -3.54942 -0.84981 -10.0929 0 
0.00667784 10.0179 -23.3068 -3.33426 -6.51785e-05 -3.55034 -0.851608 -10.0179 0 
0.0112094 8.98201 -23.3104 -3.33684 -0.00071322 -3.54801 -0.853077 -8.98201 0 
0.0222091 9.0008 -23.3282 -3.3336 -0.00032474 -3.53752 -0.852355 -9.0008 0 
0.0239104 8.85318 -23.3274 -3.33337 -0.00226346 -3.54497 -0.855014 -8.85318 0 
0.0274117 7.19357 -23.3366 -3.33833 -0.00275805 -3.53772 -0.858511 -7.19357 0 
0.0394785 6.464 -23.3157 -3.34445 -0.00430417 -3.54631 -0.860618 -6.464 0 
0.0296132 7.03907 -23.3257 -3.34181 -0.00052398 -3.53597 -0.860162 -7.03907 0 
0.133967 5.40663 -23.3195 -3.34962 -0.00346732 -3.53703 -0.861939 -5.40663 0 
0.0737869 5.21315 -23.3148 -3.35115 -0.00390974 -3.53463 -0.864349 -5.21315 0 
0.182579 4.78744 -23.3099 -3.3524 -0.00850506 -3.53019 -0.862661 -4.78744 0 
0.0727536 5.24135 -23.3074 -3.35173 -0.00460374 -3.53136 -0.86784 -5.24135 0 
0.0951425 4.70476 -23.2999 -3.35359 -0.0100207 -3.53143 -0.86706 -4.70476 0 
0.173759 3.50017 -23.2963 -3.35996 -0.0149144 -3.52818 -0.870506 -3.50017 0 
0.145804 3.85099 -23.2824 -3.35946 -0.0146062 -3.53408 -0.870845 -3.85099 0 
0.207869 3.1417 -23.2683 -3.36418 -0.0200259 -3.53748 -0.871081 -3.1417 0 
0.141698 3.90812 -23.2652 -3.364 -0.00966853 -3.54804 -0.875761 -3.90812 0 
0.132235 4.04634 -23.2673 -3.36613 -0.00219454 -3.55745 -0.877344 -4.04634 0 
0.210144 4.50622 -23.2722 -3.36352 -0.000237411 -3.55709 -0.875938 -4.50622 0 
0.127821 4.11424 -23.2836 -3.36358 -0.000797182 -3.55866 -0.877174 -4.11424 0 
0.158092 3.68916 -23.277 -3.36561 -0.00476819 -3.55662 -0.876415 -3.68916 0 
0.614994 3.16951 -23.2635 -3.36805 -0.0123926 -3.55058 -0.872761 -3.16951 0 
0.243615 2.82433 -23.2604 -3.36824 -0.0189834 -3.55187 -0.872115 -2.82433 0 
0.20432 3.17614 -23.2449 -3.36909 -0.0170662 -3.55421 -0.873089 -3.17614 0 
0.2162 3.0631 -23.246 -3.36812 -0.0203844 -3.55694 -0.875216 -3.0631 0 
0.245434 2.80945 -23.2528 -3.36782 -0.0226379 -3.55068 -0.875676 -2.80945 0 
0.185756 3.36664 -23.2407 -3.3652 -0.0245396 -3.56107 -0.87406 -3.36664 0 
0.230203 2.93758 -23.2423 -3.36541 -0.0301841 -3.55385 -0.870908 -2.93758 0 
0.436159 1.6595 -23.2169 -3.37442 -0.0447246 -3.55174 -0.868285 -1.6595 0 
0.37036 1.98656 -23.2119 -3.37276 -0.0434141 -3.55866 -0.868161 -1.98656 0 
0.556553 1.17198 -23.2137 -3.37744 -0.0526722 -3.55014 -0.866866 -1.17198 0 
0.618844 0.959804 -23.2195 -3.37893 -0.0565742 -3.5492 -0.866931 -0.959804 0 
0.557601 1.16822 -23.2369 -3.37532 -0.0542887 -3.54654 -0.867624 -1.16822 0 
0.473542 1.49503 -23.2466 -3.37045 -0.0515094 -3.54025 -0.866509 -1.49503 0 
0.37924 1.93917 -23.2447 -3.36759 -0.0447393 -3.5456 -0.866773 -1.93917 0 
0.432741 1.67523 -23.2423 -3.37065 -0.0451517 -3.54642 -0.868583 -1.67523 0 
0.484951 1.44741 -23.2425 -3.3711 -0.0522624 -3.54372 -0.86556 -1.44741 0 
0.456216 1.56958 -23.2395 -3.37041 -0.0498265 -3.54878 -0.867292 -1.56958 0 
0.432501 1.67634 -23.2502 -3.36925 -0.0469614 -3.54476 -0.869282 -1.67634 0 
0.468221 1.51763 -23.2399 -3.37106 -0.0496702 -3.54488 -0.869187 -1.51763 0 
0.45932 1.55602 -23.2294 -3.37106 -0.0511075 -3.55609 -0.867717 -1.55602 0 
0.465481 1.52937 -23.2296 -3.37296 -0.0470944 -3.5641 -0.869999 -1.52937 0 
0.644609 0.878222 -23.2129 -3.38184 -0.0536343 -3.56775 -0.871313 -0.878222 0 
0.581138 1.08553 -23.2234 -3.37806 -0.0518054 -3.56481 -0.869811 -1.08553 0 
0.550022 1.19559 -23.2253 -3.37955 -0.0429974 -3.57201 -0.873029 -1.19559 0 
0.608059 0.994967 -23.2282 -3.38061 -0.0491237 -3.56372 -0.871492 -0.994967 0 
0.609989 0.988628 -23.2184 -3.38004 -0.0519093 -3.56862 -0.871066 -0.988628 0 
1.01423 1.35803 -23.2245 -3.37613 -0.0460466 -3.57231 -0.871427 -1.35803 0 
0.517336 1.31813 -23.2163 -3.37765 -0.0461777 -3.58265 -0.872372 -1.31813 0 
0.506148 1.36185 -23.2174 -3.37737 -0.0448952 -3.58752 -0.8755 -1.36185 0 
0.907304 1.58085 -23.2157 -3.3755 -0.0440626 -3.58716 -0.875351 -1.58085 0 
0.524987 1.28876 -23.2133 -3.38142 -0.0389084 -3.58589 -0.878191 -1.28876 0 
0.664526 0.817363 -23.1838 -3.38961 -0.0469259 -3.59833 -0.880789 -0.817363 0 
0.612193 0.981415 -23.1862 -3.38849 -0.0429914 -3.6064 -0.881076 -0.981415 0 
0.681574 0.7667 -23.1692 -3.39365 -0.047015 -3.60944 -0.881052 -0.7667 0 
0.661975 0.825056 -23.1826 -3.39045 -0.045224 -3.61116 -0.882209 -0.825056 0 
0.507697 1.35574 -23.2001 -3.38364 -0.0372707 -3.60556 -0.881864 -1.35574 0 
0.493871 1.41096 -23.2047 -3.38291 -0.0354744 -3.60826 -0.882093 -1.41096 0 
0.70168 0.708556 -23.1866 -3.38991 -0.0487475 -3.60519 -0.885574 -0.708556 0 
0.680276 0.770513 -23.1848 -3.38889 -0.0495148 -3.60983 -0.884603 -0.770513 0 
0.794733 0.459497 -23.1774 -3.39304 -0.0580233 -3.61642 -0.883655 -0.459497 0 
1.69448 0.331544 -23.1709 -3.39746 -0.060513 -3.62265 -0.883815 -0.331544 0 
0.87259 0.27258 -23.1668 -3.40036 -0.0651898 -3.61425 -0.883357 -0.27258 0 
0.867729 0.283752 -23.1718 -3.40063 -0.0651046 -3.61434 -0.883288 -0.283752 0 
0.886564 0.240803 -23.1531 -3.40617 -0.0642038 -3.62485 -0.888951 -0.240803 0 
0.87719 0.262064 -23.1419 -3.40775 -0.06364 -3.62731 -0.88725 -0.262064 0 
0.885611 0.242956 -23.1475 -3.40801 -0.0642192 -3.62658 -0.888499 -0.242956 0 
0.884099 0.246373 -23.1551 -3.40598 -0.0589595 -3.6307 -0.88977 -0.246373 0 
0.820689 0.395221 -23.1454 -3.41594 -0.068311 -3.62821 -0.891886 -0.395221 0 
0.828171 0.377072 -23.1277 -3.41806 -0.0696438 -3.63496 -0.890786 -0.377072 0 
0.876884 0.262761 -23.1444 -3.41163 -0.0651972 -3.63116 -0.892869 -0.262761 0 
0.819134 0.399015 -23.1468 -3.41671 -0.0662217 -3.63181 -0.894982 -0.399015 0 
0.867999 0.283129 -23.1492 -3.41253 -0.0641792 -3.63253 -0.892807 -0.283129 0 
0.875761 0.265324 -23.1369 -3.41232 -0.0591016 -3.64532 -0.894515 -0.265324 0 
0.871621 0.274801 -23.1348 -3.41233 -0.0597223 -3.65104 -0.893782 -0.274801 0 
0.883102 0.248629 -23.1526 -3.40657 -0.0579937 -3.64522 -0.895369 -0.248629 0 
0.864419 0.291395 -23.1315 -3.41295 -0.0594058 -3.65791 -0.897508 -0.291395 0 
0.841902 0.344183 -23.1412 -3.40773 -0.0537002 -3.65841 -0.897615 -0.344183 0 
0.854104 0.315405 -23.143 -3.40864 -0.0526596 -3.65814 -0.897594 -0.315405 0 
0.882279 0.250494 -23.1409 -3.41375 -0.0540125 -3.6616 -0.899532 -0.250494 0 
0.880848 0.253741 -23.1391 -3.41631 -0.0518672 -3.65691 -0.902067 -0.253741 0 
0.869031 0.280754 -23.1344 -3.41726 -0.0484359 -3.6611 -0.901885 -0.280754 0 
0.824959 0.384844 -23.1289 -3.41811 -0.0407652 -3.66881 -0.902962 -0.384844 0 
0.837779 0.354001 -23.1211 -3.42344 -0.0529661 -3.663 -0.900923 -0.354001 0 
0.820396 0.395936 -23.117 -3.42685 -0.0505598 -3.66586 -0.901219 -0.395936 0 
0.832502 0.36664 -23.1189 -3.42494 -0.0487101 -3.66526 -0.902078 -0.36664 0 
0.825516 0.383493 -23.1187 -3.42412 -0.0432199 -3.66881 -0.903233 -0.383493 0 
0.828772 0.375621 -23.1188 -3.42447 -0.0438211 -3.66144 -0.901133 -0.375621 0 
0.844059 0.339066 -23.1287 -3.42609 -0.047768 -3.65267 -0.901135 -0.339066 0 
1.59171 0.456679 -23.1329 -3.43039 -0.0473834 -3.64955 -0.902257 -0.456679 0 
1.51487 0.555633 -23.1431 -3.42856 -0.0518517 -3.64356 -0.899726 -0.555633 0 
0.666065 0.812736 -23.1262 -3.43606 -0.0543396 -3.65014 -0.903041 -0.812736 0 
0.616655 0.966891 -23.1416 -3.43608 -0.0519025 -3.64407 -0.900474 -0.966891 0 
0.683222 0.761869 -23.136 -3.43531 -0.0496166 -3.64976 -0.90045 -0.761869 0 
0.806071 0.431168 -23.1416 -3.43176 -0.039571 -3.65252 -0.900903 -0.431168 0 
0.861787 0.297495 -23.1393 -3.43042 -0.03262 -3.65532 -0.897999 -0.297495 0 
0.884266 0.245995 -23.1549 -3.42652 -0.0293344 -3.65447 -0.899318 -0.245995 0 
0.898918 0.213126 -23.1601 -3.42138 -0.0278515 -3.66518 -0.898898 -0.213126 0 
0.888411 0.236641 -23.1586 -3.41877 -0.0274118 -3.6725 -0.900162 -0.236641 0 
0.831251 0.369646 -23.1708 -3.41429 -0.0177934 -3.6755 -0.900838 -0.369646 0 
0.892985 0.226371 -23.1638 -3.41903 -0.0252416 -3.67193 -0.901503 -0.226371 0 
0.897809 0.215596 -23.1598 -3.4223 -0.0291965 -3.67429 -0.903571 -0.215596 0 
0.897147 0.21707 -23.1579 -3.42101 -0.0328368 -3.67373 -0.90307 -0.21707 0 
0.890573 0.23178 -23.1561 -3.42376 -0.0320709 -3.67108 -0.904543 -0.23178 0 
0.891391 0.229944 -23.1716 -3.41933 -0.0295346 -3.66954 -0.904837 -0.229944 0 
0.892404 0.227674 -23.1724 -3.41843 -0.0297218 -3.66816 -0.906353 -0.227674 0 
0.864728 0.29068 -23.1833 -3.41701 -0.031622 -3.65767 -0.906149 -0.29068 0 
0.886048 0.241968 -23.174 -3.41513 -0.0264984 -3.66819 -0.905876 -0.241968 0 
0.83865 0.351925 -23.179 -3.41241 -0.0187921 -3.66756 -0.906086 -0.351925 0 
1.7449 0.272902 -23.1729 -3.41434 -0.024317 -3.66852 -0.903055 -0.272902 0 
0.815666 0.407501 -23.1636 -3.41402 -0.020219 -3.67823 -0.904577 -0.407501 0 
0.808312 0.425615 -23.1795 -3.40838 -0.0229282 -3.67013 -0.901299 -0.425615 0 
0.784049 0.486569 -23.2083 -3.40445 -0.0202312 -3.65792 -0.899401 -0.486569 0 
0.766084 0.532926 -23.2019 -3.40324 -0.0205528 -3.66108 -0.898043 -0.532926 0 
0.741242 0.598856 -23.207 -3.39847 -0.0267442 -3.65659 -0.896474 -0.598856 0 
0.650592 0.859747 -23.2093 -3.39488 -0.0225588 -3.66079 -0.892704 -0.859747 0 
0.677104 0.77986 -23.2188 -3.39666 -0.0194198 -3.65803 -0.89167 -0.77986 0 
0.673104 0.791711 -23.2285 -3.39698 -0.0167134 -3.65615 -0.894254 -0.791711 0 
1.43929 0.657997 -23.2278 -3.39809 -0.025735 -3.65254 -0.893292 -0.657997 0 
0.699394 0.715082 -23.2309 -3.39672 -0.0246457 -3.65228 -0.891461 -0.715082 0 
0.713395 0.675441 -23.231 -3.39854 -0.0307824 -3.64755 -0.889571 -0.675441 0 
0.743916 0.591655 -23.2189 -3.39963 -0.0249213 -3.66173 -0.892349 -0.591655 0 
0.656898 0.840452 -23.2234 -3.39651 -0.0158487 -3.66536 -0.893683 -0.840452 0 
0.720946 0.654381 -23.2185 -3.40005 -0.0182735 -3.66641 -0.894497 -0.654381 0 
0.785432 0.483043 -23.2069 -3.40523 -0.018975 -3.67618 -0.896051 -0.483043 0 
0.669319 0.802988 -23.1905 -3.40294 -0.0141438 -3.69382 -0.894916 -0.802988 0 
0.802598 0.439803 -23.1802 -3.40973 -0.0192168 -3.69038 -0.89453 -0.439803 0 
0.806117 0.431052 -23.2025 -3.40556 -0.0235889 -3.67809 -0.893267 -0.431052 0 
0.805708 0.432067 -23.2089 -3.40702 -0.0293029 -3.67059 -0.892665 -0.432067 0 
1.49148 0.586751 -23.2237 -3.40149 -0.0242964 -3.66857 -0.891488 -0.586751 0 
0.599342 1.02385 -23.2242 -3.39582 -0.00998674 -3.67732 -0.891677 -1.02385 0 
0.564221 1.14462 -23.2364 -3.39212 -0.0110941 -3.66906 -0.891926 -1.14462 0 
0.480843 1.46443 -23.2336 -3.38892 -0.00937635 -3.67333 -0.889933 -1.46443 0 
0.452573 1.58561 -23.23 -3.38957 -0.00599944 -3.68281 -0.892017 -1.58561 0 
0.478198 1.47546 -23.2257 -3.38983 -0.00969589 -3.68022 -0.891079 -1.47546 0 
0.358542 2.05142 -23.2313 -3.38548 -0.00454442 -3.68397 -0.891977 -2.05142 0 
0.362073 2.03182 -23.2246 -3.38709 -0.00416734 -3.6901 -0.892257 -2.03182 0 
0.343983 2.13433 -23.2262 -3.38526 -0.00562543 -3.68819 -0.890834 -2.13433 0 
0.43066 1.68487 -23.2259 -3.38922 -0.0061258 -3.68862 -0.89099 -1.68487 0 
0.960005 1.46793 -23.2189 -3.39403 -0.003347 -3.69493 -0.89024 -1.46793 0 
0.475687 1.48599 -23.2331 -3.38992 -0.00683264 -3.68022 -0.887982 -1.48599 0 
0.393091 1.86743 -23.2347 -3.38656 -0.00480634 -3.6772 -0.887878 -1.86743 0 
0.369387 1.99182 -23.2459 -3.38373 -0.00457812 -3.6733 -0.885821 -1.99182 0 
0.403144 1.81692 -23.2635 -3.38194 -0.00837578 -3.65472 -0.882385 -1.81692 0 
0.393619 1.86474 -23.2693 -3.38058 -0.00924514 -3.65354 -0.881307 -1.86474 0 
0.397875 1.84323 -23.275 -3.38086 -0.00864878 -3.65574 -0.880791 -1.84323 0 
0.415331 1.75736 -23.2703 -3.38262 -0.00772559 -3.66221 -0.881227 -1.75736 0 
0.417608 1.74643 -23.2801 -3.38219 -0.00886662 -3.6634 -0.882311 -1.74643 0 
0.407353 1.79615 -23.2746 -3.38179 -0.00790143 -3.66368 -0.882449 -1.79615 0 
0.522108 1.29976 -23.2661 -3.38688 -0.0193394 -3.6518 -0.878308 -1.29976 0 
0.606595 0.999789 -23.2517 -3.39144 -0.0283322 -3.65057 -0.876186 -0.999789 0 
0.69041 0.74094 -23.2341 -3.39709 -0.0271758 -3.66224 -0.878898 -0.74094 0 
0.80504 0.433726 -23.2025 -3.40309 -0.0326664 -3.66855 -0.878878 -0.433726 0 
0.822853 0.389955 -23.2005 -3.40681 -0.0282101 -3.67398 -0.882437 -0.389955 0 
0.821576 0.393061 -23.2004 -3.40757 -0.0354717 -3.66414 -0.881075 -0.393061 0 
0.768677 0.526169 -23.2133 -3.402 -0.0265982 -3.66397 -0.880046 -0.526169 0 
0.727251 0.636967 -23.2257 -3.39922 -0.0286566 -3.65896 -0.879232 -0.636967 0 
0.768688 0.526141 -23.2141 -3.40148 -0.0293914 -3.6683 -0.878607 -0.526141 0 
0.773031 0.514872 -23.2141 -3.40503 -0.0329549 -3.6616 -0.876515 -0.514872 0 
0.785549 0.482746 -23.2079 -3.40859 -0.0346823 -3.66832 -0.879241 -0.482746 0 
0.82161 0.392978 -23.1968 -3.41026 -0.0372122 -3.66918 -0.880509 -0.392978 0 
0.863507 0.293507 -23.1863 -3.41161 -0.0344446 -3.68539 -0.885156 -0.293507 0 
0.854437 0.314625 -23.1883 -3.4087 -0.0318605 -3.6821 -0.88505 -0.314625 0 
0.845675 0.33524 -23.1921 -3.40721 -0.0339011 -3.6786 -0.884431 -0.33524 0 
0.816708 0.404948 -23.1888 -3.40588 -0.027523 -3.68329 -0.885996 -0.404948 0 
0.7089 0.68808 -23.1984 -3.40002 -0.0219906 -3.68446 -0.886554 -0.68808 0 
0.719465 0.658495 -23.1885 -3.40085 -0.0254244 -3.68721 -0.884017 -0.658495 0 
0.778207 0.501527 -23.193 -3.40365 -0.0248114 -3.6945 -0.886791 -0.501527 0 
