0.799048 0.448668 -23.1687 -3.44343 -0.00132993 -3.67001 -0.911546 -0.448668 0 
0.822829 0.390015 -23.1664 -3.44324 -7.20272e-06 -3.67349 -0.910805 -0.390015 0 
0.863872 0.29266 -23.1668 -3.43959 -0.000697449 -3.67716 -0.907469 -0.29266 0 
0.83641 0.357274 -23.1659 -3.44185 -0.00117515 -3.67728 -0.910847 -0.357274 0 
0.815665 0.407502 -23.1661 -3.44253 -0.00256856 -3.67754 -0.91247 -0.407502 0 
0.828254 0.37687 -23.1679 -3.44117 -0.00250163 -3.67997 -0.913707 -0.37687 0 
0.795341 0.457968 -23.1622 -3.44473 -0.00297992 -3.67446 -0.913717 -0.457968 0 
0.740652 0.600448 -23.1617 -3.44776 -0.00325443 -3.67034 -0.917492 -0.600448 0 
0.706103 0.695987 -23.1577 -3.45087 -0.00279863 -3.66837 -0.915195 -0.695987 0 
0.681413 0.767175 -23.1573 -3.45185 -0.00355206 -3.67236 -0.912257 -0.767175 0 
0.709754 0.685674 -23.1576 -3.45072 -0.00288466 -3.67305 -0.911816 -0.685674 0 
0.738569 0.60608 -23.1587 -3.4486 -0.0035967 -3.67659 -0.910486 -0.60608 0 
0.675714 0.783971 -23.1581 -3.4517 -0.00407901 -3.67612 -0.909247 -0.783971 0 
0.681994 0.765468 -23.1604 -3.45121 -0.00319092 -3.67775 -0.90787 -0.765468 0 
0.592766 1.04591 -23.1594 -3.45522 -0.0040109 -3.66843 -0.910492 -1.04591 0 
0.661632 0.82609 -23.1598 -3.45208 -0.00371891 -3.6664 -0.908165 -0.82609 0 
0.710075 0.68477 -23.1583 -3.45066 -0.00270385 -3.66806 -0.907355 -0.68477 0 
0.767852 0.528317 -23.1599 -3.44728 -0.00247109 -3.66955 -0.906358 -0.528317 0 
0.850146 0.324694 -23.1611 -3.44192 -0.00175086 -3.67098 -0.904997 -0.324694 0 
0.800914 0.444005 -23.1592 -3.44575 -0.00207252 -3.66855 -0.904201 -0.444005 0 
0.766101 0.532883 -23.1547 -3.44869 -0.00264482 -3.66771 -0.90584 -0.532883 0 
0.674371 0.787948 -23.1517 -3.45464 -0.00171084 -3.66924 -0.906816 -0.787948 0 
0.635423 0.906928 -23.15 -3.45643 -0.00279146 -3.6717 -0.906374 -0.906928 0 
0.551228 1.19121 -23.1479 -3.461 -0.00261121 -3.67424 -0.904559 -1.19121 0 
0.605281 1.00412 -23.148 -3.45876 -0.0021471 -3.6796 -0.900565 -1.00412 0 
0.693854 0.730987 -23.1522 -3.45342 -0.00222147 -3.68168 -0.899437 -0.730987 0 
0.688362 0.746881 -23.1515 -3.45398 -0.00207389 -3.68206 -0.896719 -0.746881 0 
0.747087 0.583146 -23.1497 -3.45162 -0.0015768 -3.68379 -0.897619 -0.583146 0 
0.769989 0.522759 -23.1503 -3.44971 -0.00246536 -3.6847 -0.900243 -0.522759 0 
0.819704 0.397625 -23.1511 -3.44658 -0.00188728 -3.68344 -0.903371 -0.397625 0 
0.811013 0.418943 -23.15 -3.44754 -0.00172782 -3.68402 -0.902092 -0.418943 0 
0.864041 0.29227 -23.1518 -3.44259 -0.00218106 -3.68532 -0.90079 -0.29227 0 
0.863934 0.292519 -23.1522 -3.44259 -0.00210689 -3.686 -0.899165 -0.292519 0 
0.832352 0.367 -23.1499 -3.44588 -0.00202758 -3.68454 -0.900328 -0.367 0 
0.784254 0.486045 -23.1503 -3.44774 -0.00485298 -3.67735 -0.899251 -0.486045 0 
0.775239 0.509168 -23.1481 -3.44907 -0.00430419 -3.67729 -0.899216 -0.509168 0 
0.80417 0.43589 -23.1489 -3.44762 -0.00309568 -3.67769 -0.8997 -0.43589 0 
0.801991 0.441315 -23.1502 -3.44692 -0.00427185 -3.67944 -0.899596 -0.441315 0 
1.58673 0.462943 -23.1533 -3.44726 -0.00314878 -3.67895 -0.900957 -0.462943 0 
0.790247 0.47082 -23.1532 -3.44781 -0.0024871 -3.67856 -0.900021 -0.47082 0 
0.824047 0.387056 -23.1529 -3.44561 -0.00261806 -3.67977 -0.898123 -0.387056 0 
0.866266 0.287127 -23.1543 -3.44208 -0.00185645 -3.68489 -0.899137 -0.287127 0 
0.861767 0.29754 -23.1542 -3.44306 -0.00086171 -3.68978 -0.897221 -0.29754 0 
0.787535 0.477696 -23.1473 -3.45018 -0.000843106 -3.68467 -0.895382 -0.477696 0 
1.43576 0.6629 -23.1437 -3.45499 -0.000816926 -3.68667 -0.894744 -0.6629 0 
0.712191 0.67882 -23.1435 -3.45516 -0.00124906 -3.68721 -0.891976 -0.67882 0 
0.674963 0.786195 -23.144 -3.45653 -0.00227062 -3.68688 -0.888275 -0.786195 0 
0.691257 0.738487 -23.1434 -3.45593 -0.00209978 -3.68193 -0.888168 -0.738487 0 
0.716117 0.667822 -23.1486 -3.45322 -0.00254137 -3.68282 -0.886016 -0.667822 0 
0.70652 0.694807 -23.1533 -3.45304 -0.0013538 -3.68059 -0.888967 -0.694807 0 
0.758295 0.553366 -23.1538 -3.45056 -0.000716425 -3.68599 -0.884592 -0.553366 0 
0.738885 0.605226 -23.1527 -3.45167 -0.00114223 -3.6878 -0.885282 -0.605226 0 
1.54942 0.510533 -23.1533 -3.44888 -0.00250984 -3.69275 -0.886047 -0.510533 0 
0.781293 0.493609 -23.1533 -3.44877 -0.0019694 -3.69731 -0.884782 -0.493609 0 
0.824204 0.386674 -23.1538 -3.44562 -0.00248764 -3.69248 -0.885844 -0.386674 0 
0.699441 0.714948 -23.1469 -3.45449 -0.00263697 -3.69113 -0.883764 -0.714948 0 
0.502604 1.37591 -23.1402 -3.46516 -0.00336155 -3.6851 -0.88547 -1.37591 0 
0.478647 1.47358 -23.1404 -3.46595 -0.00399859 -3.68733 -0.884551 -1.47358 0 
0.512019 1.33879 -23.1421 -3.46318 -0.00565844 -3.68572 -0.881928 -1.33879 0 
0.443681 1.6253 -23.1386 -3.46852 -0.00323168 -3.68682 -0.881156 -1.6253 0 
0.375219 1.96049 -23.1391 -3.47196 -0.00293491 -3.68532 -0.883156 -1.96049 0 
0.366616 2.00688 -23.1353 -3.47296 -0.00384917 -3.6829 -0.882666 -2.00688 0 
0.405979 1.80291 -23.1365 -3.47106 -0.00302125 -3.68826 -0.879645 -1.80291 0 
0.832125 1.75384 -23.1363 -3.47154 -0.00112013 -3.69185 -0.876372 -1.75384 0 
0.429516 1.69019 -23.1355 -3.47021 -0.00297653 -3.69352 -0.874454 -1.69019 0 
0.378445 1.94337 -23.1339 -3.47395 -0.00144908 -3.69221 -0.874582 -1.94337 0 
0.380158 1.93434 -23.1343 -3.47335 -0.0023545 -3.69171 -0.874037 -1.93434 0 
0.317916 2.29194 -23.1306 -3.47741 -0.00290836 -3.69113 -0.87616 -2.29194 0 
0.296983 2.42816 -23.1304 -3.47858 -0.00311115 -3.68727 -0.877266 -2.42816 0 
0.245351 2.81013 -23.1301 -3.48162 -0.00359424 -3.68064 -0.880858 -2.81013 0 
0.220565 3.02313 -23.1343 -3.4818 -0.00439804 -3.67772 -0.884482 -3.02313 0 
0.314801 2.31163 -23.1303 -3.47628 -0.00577172 -3.6832 -0.877795 -2.31163 0 
0.290597 2.47164 -23.1295 -3.47825 -0.00497658 -3.68091 -0.880871 -2.47164 0 
0.291826 2.46319 -23.1274 -3.47839 -0.00552402 -3.677 -0.88359 -2.46319 0 
0.206528 3.15464 -23.1235 -3.48516 -0.0054685 -3.6749 -0.883705 -3.15464 0 
0.144363 3.87085 -23.119 -3.49185 -0.00510342 -3.67122 -0.884066 -3.87085 0 
0.158059 3.68957 -23.1162 -3.49078 -0.00604551 -3.66945 -0.885011 -3.68957 0 
0.142598 3.89544 -23.111 -3.4937 -0.00578067 -3.66863 -0.884068 -3.89544 0 
0.174286 3.49412 -23.1111 -3.49108 -0.00504874 -3.67061 -0.882139 -3.49412 0 
0.155115 3.72718 -23.1108 -3.4927 -0.00549104 -3.66959 -0.881418 -3.72718 0 
0.164226 3.61302 -23.1101 -3.49175 -0.00611619 -3.66919 -0.880418 -3.61302 0 
0.154619 3.73358 -23.1094 -3.4919 -0.00817536 -3.67051 -0.876674 -3.73358 0 
0.189783 3.32375 -23.1094 -3.48896 -0.007895 -3.67341 -0.873124 -3.32375 0 
0.180841 3.42027 -23.1083 -3.49023 -0.00734054 -3.67158 -0.87352 -3.42027 0 
0.186998 3.35332 -23.1092 -3.48946 -0.00748257 -3.67085 -0.871414 -3.35332 0 
0.169526 3.5495 -23.1096 -3.48957 -0.0101322 -3.66543 -0.874366 -3.5495 0 
0.187673 3.34611 -23.1109 -3.48814 -0.0091765 -3.66473 -0.875833 -3.34611 0 
0.21922 3.03536 -23.1153 -3.48404 -0.0103734 -3.66207 -0.87651 -3.03536 0 
0.168338 3.56356 -23.1116 -3.4895 -0.00940545 -3.65806 -0.878014 -3.56356 0 
0.178915 3.44169 -23.111 -3.4885 -0.00979733 -3.65639 -0.879731 -3.44169 0 
0.241561 2.84127 -23.1158 -3.4822 -0.0104458 -3.65455 -0.880942 -2.84127 0 
0.190969 3.31129 -23.1146 -3.48597 -0.0112043 -3.65748 -0.878059 -3.31129 0 
0.181632 3.41155 -23.1138 -3.48781 -0.00946561 -3.66484 -0.874822 -3.41155 0 
0.151301 3.77697 -23.1096 -3.49121 -0.0103715 -3.66312 -0.872081 -3.77697 0 
0.122228 4.20373 -23.1091 -3.4945 -0.00999892 -3.66433 -0.875092 -4.20373 0 
0.121622 4.21368 -23.1127 -3.4944 -0.00832489 -3.66418 -0.87941 -4.21368 0 
0.137406 3.96963 -23.1139 -3.49317 -0.00665498 -3.66775 -0.879396 -3.96963 0 
0.159314 3.67375 -23.1145 -3.48979 -0.0090577 -3.67025 -0.875953 -3.67375 0 
0.205747 3.16222 -23.1176 -3.48563 -0.00790441 -3.67364 -0.877595 -3.16222 0 
0.217891 3.04752 -23.1193 -3.48504 -0.00635312 -3.67526 -0.877475 -3.04752 0 
0.192225 3.29818 -23.1184 -3.48793 -0.0049069 -3.67663 -0.877758 -3.29818 0 
0.184863 3.37628 -23.1173 -3.48865 -0.00529685 -3.67934 -0.87483 -3.37628 0 
0.180315 3.4261 -23.1178 -3.4888 -0.00553435 -3.67722 -0.875134 -3.4261 0 
0.174426 3.49251 -23.1125 -3.49083 -0.00512091 -3.68128 -0.873075 -3.49251 0 
0.201904 3.19993 -23.1139 -3.48797 -0.00569422 -3.68499 -0.872325 -3.19993 0 
0.207324 3.14694 -23.1175 -3.48737 -0.00410179 -3.68334 -0.875634 -3.14694 0 
0.199447 3.22441 -23.1178 -3.48793 -0.0039969 -3.68288 -0.876957 -3.22441 0 
0.172862 3.51052 -23.1189 -3.48852 -0.00695823 -3.68212 -0.87279 -3.51052 0 
0.160874 3.65426 -23.1129 -3.4916 -0.00598781 -3.68495 -0.869749 -3.65426 0 
0.190184 3.31952 -23.1125 -3.48934 -0.00577731 -3.68451 -0.8642 -3.31952 0 
0.246829 2.79812 -23.1146 -3.4846 -0.0057217 -3.68918 -0.864876 -2.79812 0 
0.291634 2.46451 -23.1173 -3.48214 -0.0033664 -3.68741 -0.867102 -2.46451 0 
0.39644 1.85046 -23.1202 -3.47548 -0.00343249 -3.68643 -0.866567 -1.85046 0 
0.376183 1.95536 -23.1176 -3.47745 -0.0028162 -3.68846 -0.865372 -1.95536 0 
0.335567 2.18387 -23.1182 -3.47963 -0.00275624 -3.6895 -0.865473 -2.18387 0 
0.588386 2.44704 -23.1143 -3.48315 -0.00245839 -3.6901 -0.864251 -2.44704 0 
0.240454 2.85045 -23.1123 -3.48707 -0.00273639 -3.6874 -0.861117 -2.85045 0 
0.202411 3.19491 -23.1113 -3.48912 -0.00476162 -3.67977 -0.864213 -3.19491 0 
0.159554 3.67074 -23.1061 -3.49399 -0.00486884 -3.67684 -0.863788 -3.67074 0 
0.189309 3.32875 -23.1106 -3.49119 -0.00286075 -3.67732 -0.867142 -3.32875 0 
0.18463 3.3788 -23.1113 -3.4912 -0.00326168 -3.67885 -0.868016 -3.3788 0 
0.234224 2.90295 -23.1142 -3.48656 -0.00356879 -3.68061 -0.867122 -2.90295 0 
0.191558 3.30513 -23.1095 -3.4916 -0.00225528 -3.67912 -0.86408 -3.30513 0 
0.20567 3.16296 -23.1125 -3.48995 -0.00179986 -3.67519 -0.865689 -3.16296 0 
0.172781 3.51146 -23.1116 -3.49302 -0.00158348 -3.67566 -0.863815 -3.51146 0 
0.213282 3.09028 -23.1076 -3.49136 -7.88742e-05 -3.68114 -0.863479 -3.09028 0 
0.72308 2.8457 -23.1115 -3.48823 -0.000535419 -3.68402 -0.861592 -2.8457 0 
0.8974 2.9891 -23.1155 -3.48868 -5.07244e-05 -3.68422 -0.864081 -2.9891 0 
0.242035 2.83735 -23.1148 -3.48749 -0.000181573 -3.68039 -0.866522 -2.83735 0 
0.26494 2.65651 -23.1175 -3.48457 -0.00168821 -3.67959 -0.867151 -2.65651 0 
0.195928 3.26002 -23.1148 -3.49022 -0.00148736 -3.67797 -0.87196 -3.26002 0 
0.211601 3.10611 -23.1152 -3.48896 -0.00148731 -3.67928 -0.867415 -3.10611 0 
0.391123 3.26376 -23.1184 -3.48913 -0.00206459 -3.68215 -0.869163 -3.26376 0 
0.224532 2.98747 -23.1164 -3.48763 -0.00167556 -3.68432 -0.86797 -2.98747 0 
0.225976 2.97465 -23.1187 -3.48698 -0.00156709 -3.68676 -0.869206 -2.97465 0 
0.448794 2.98868 -23.1182 -3.48741 -0.00103181 -3.68123 -0.872719 -2.98868 0 
0.166467 3.58592 -23.1137 -3.4922 -0.00326424 -3.67769 -0.868283 -3.58592 0 
0.222521 3.00547 -23.118 -3.48718 -0.00198513 -3.67682 -0.87084 -3.00547 0 
0.230542 2.93465 -23.1147 -3.48776 -0.00119031 -3.68119 -0.872313 -2.93465 0 
0.214187 3.08182 -23.1141 -3.48894 -0.00155778 -3.68337 -0.871753 -3.08182 0 
0.240069 2.85366 -23.1165 -3.48668 -0.000949106 -3.67954 -0.878115 -2.85366 0 
0.293727 2.45021 -23.1185 -3.48268 -0.000983837 -3.68193 -0.878143 -2.45021 0 
0.289779 2.47727 -23.1185 -3.48182 -0.0033908 -3.67853 -0.875222 -2.47727 0 
0.231985 2.92216 -23.1153 -3.48647 -0.00322609 -3.67348 -0.876773 -2.92216 0 
0.303408 2.38535 -23.1186 -3.48117 -0.00288239 -3.67281 -0.877187 -2.38535 0 
0.362218 2.03102 -23.1256 -3.47665 -0.00176093 -3.67262 -0.879072 -2.03102 0 
0.428731 1.69385 -23.1273 -3.47304 -0.00108505 -3.67532 -0.881065 -1.69385 0 
0.522024 1.30008 -23.1275 -3.46827 -0.00137731 -3.67604 -0.878495 -1.30008 0 
0.548016 1.2029 -23.1255 -3.46758 -0.00120995 -3.68128 -0.873951 -1.2029 0 
1.16286 1.08454 -23.1267 -3.46605 -0.000249303 -3.6792 -0.878859 -1.08454 0 
2.27144 1.13176 -23.1279 -3.46656 -0.000108298 -3.67649 -0.877089 -1.13176 0 
0.791404 1.85419 -23.1235 -3.47589 -0.000672975 -3.67265 -0.877014 -1.85419 0 
0.711008 2.06844 -23.1212 -3.47835 -0.00137277 -3.67639 -0.871672 -2.06844 0 
0.334125 2.19248 -23.1159 -3.48069 -0.0015786 -3.67302 -0.871034 -2.19248 0 
0.314606 2.31287 -23.1138 -3.48225 -0.00176785 -3.67122 -0.868402 -2.31287 0 
0.245791 2.80655 -23.112 -3.48694 -0.0020523 -3.66862 -0.869268 -2.80655 0 
0.3208 2.27388 -23.1131 -3.48262 -0.000621593 -3.67533 -0.866149 -2.27388 0 
0.283128 2.52371 -23.1108 -3.48451 -0.00270802 -3.66956 -0.864003 -2.52371 0 
0.263308 2.66886 -23.1073 -3.48682 -0.00230448 -3.66876 -0.861987 -2.66886 0 
0.341024 2.15161 -23.1084 -3.48138 -0.00311046 -3.67393 -0.859917 -2.15161 0 
0.294398 2.44564 -23.1066 -3.48461 -0.003031 -3.67329 -0.860829 -2.44564 0 
0.240902 2.84673 -23.1081 -3.4873 -0.00418638 -3.6704 -0.86185 -2.84673 0 
0.323405 2.2577 -23.1088 -3.48183 -0.00405879 -3.67651 -0.862694 -2.2577 0 
0.329717 2.21904 -23.1123 -3.48058 -0.00426879 -3.67109 -0.865135 -2.21904 0 
0.300747 2.40297 -23.1078 -3.48379 -0.00332596 -3.6711 -0.862618 -2.40297 0 
0.576914 2.48642 -23.1091 -3.48496 -0.00185703 -3.67181 -0.864044 -2.48642 0 
0.290184 2.47448 -23.1072 -3.4853 -0.00183076 -3.67158 -0.862103 -2.47448 0 
0.276128 2.57378 -23.107 -3.48688 -0.000615141 -3.67409 -0.858218 -2.57378 0 
0.269005 2.62605 -23.1044 -3.48777 -0.000908631 -3.67224 -0.858944 -2.62605 0 
0.303176 2.38688 -23.1038 -3.48582 -0.000491054 -3.67291 -0.860914 -2.38688 0 
0.578296 2.48163 -23.1022 -3.48655 -0.0015408 -3.67176 -0.861678 -2.48163 0 
0.312627 2.32549 -23.1034 -3.48361 -0.00417425 -3.66827 -0.860901 -2.32549 0 
0.328123 2.22873 -23.1077 -3.48195 -0.00367035 -3.66404 -0.863563 -2.22873 0 
0.386732 1.90005 -23.1108 -3.47782 -0.00390728 -3.66584 -0.865082 -1.90005 0 
0.30263 2.39049 -23.1049 -3.48344 -0.00505253 -3.66186 -0.86424 -2.39049 0 
0.284017 2.51744 -23.1045 -3.48458 -0.00526797 -3.65969 -0.865799 -2.51744 0 
0.300885 2.40205 -23.1061 -3.4838 -0.00392302 -3.66248 -0.865642 -2.40205 0 
0.33218 2.20416 -23.1082 -3.48175 -0.00319745 -3.66124 -0.867982 -2.20416 0 
0.339116 2.16283 -23.1107 -3.48114 -0.00250283 -3.66624 -0.868344 -2.16283 0 
0.211482 3.10723 -23.1096 -3.47956 -0.00295649 -3.66768 -0.868097 -3.10723 0 
0.327263 2.23398 -23.1069 -3.48198 -0.00392012 -3.66641 -0.86751 -2.23398 0 
0.369359 1.99197 -23.104 -3.48006 -0.00393628 -3.66903 -0.86877 -1.99197 0 
0.356704 2.0617 -23.1035 -3.48048 -0.00480334 -3.66879 -0.868724 -2.0617 0 
0.293767 2.44994 -23.1024 -3.4837 -0.00670315 -3.66836 -0.867303 -2.44994 0 
0.312751 2.32469 -23.1003 -3.4827 -0.00743402 -3.67599 -0.860338 -2.32469 0 
0.363431 2.02433 -23.1029 -3.47849 -0.00879596 -3.67615 -0.861327 -2.02433 0 
0.330462 2.21453 -23.1022 -3.48073 -0.00852312 -3.67457 -0.860485 -2.21453 0 
0.339577 2.16011 -23.0994 -3.48024 -0.00962295 -3.67428 -0.859194 -2.16011 0 
0.35608 2.0652 -23.101 -3.47889 -0.00994743 -3.68103 -0.854775 -2.0652 0 
0.440387 1.6402 -23.1017 -3.47386 -0.0103311 -3.68156 -0.852157 -1.6402 0 
0.45801 1.56173 -23.1022 -3.47231 -0.0115576 -3.68475 -0.848889 -1.56173 0 
0.499746 1.38731 -23.1039 -3.46959 -0.0120268 -3.68796 -0.846408 -1.38731 0 
0.418836 1.74055 -23.1023 -3.47437 -0.0117374 -3.68305 -0.848553 -1.74055 0 
0.499731 1.38737 -23.1054 -3.46947 -0.0115236 -3.68456 -0.851669 -1.38737 0 
0.423608 1.7179 -23.1038 -3.4735 -0.0122886 -3.67709 -0.852404 -1.7179 0 
0.417442 1.74722 -23.1054 -3.47367 -0.0120315 -3.68166 -0.851249 -1.74722 0 
0.418681 1.74129 -23.1067 -3.47406 -0.0104705 -3.68282 -0.852355 -1.74129 0 
0.405129 1.8071 -23.1053 -3.47454 -0.0115878 -3.68263 -0.85258 -1.8071 0 
0.460114 1.55256 -23.108 -3.47092 -0.0119903 -3.68497 -0.850644 -1.55256 0 
0.441423 1.63551 -23.1095 -3.47184 -0.0113777 -3.6823 -0.854725 -1.63551 0 
0.409026 1.78795 -23.1109 -3.47362 -0.0107052 -3.68104 -0.853743 -1.78795 0 
0.29994 2.40835 -23.1066 -3.47991 -0.0125962 -3.67879 -0.854713 -2.40835 0 
0.291514 2.46533 -23.1035 -3.48122 -0.0124578 -3.681 -0.851082 -2.46533 0 
0.271024 2.61109 -23.1022 -3.48282 -0.0124536 -3.67809 -0.851556 -2.61109 0 
0.281314 2.53657 -23.1067 -3.48113 -0.0125141 -3.67628 -0.852741 -2.53657 0 
0.26418 2.66225 -23.1057 -3.48245 -0.0127477 -3.68276 -0.848634 -2.66225 0 
0.267675 2.63596 -23.107 -3.48263 -0.0110764 -3.68133 -0.852477 -2.63596 0 
0.312503 2.32628 -23.1084 -3.47897 -0.0121992 -3.68013 -0.850871 -2.32628 0 
0.360662 2.03963 -23.1119 -3.47603 -0.010861 -3.68225 -0.851742 -2.03963 0 
0.289285 2.48068 -23.1051 -3.4813 -0.0119602 -3.68071 -0.848967 -2.48068 0 
0.286436 2.50048 -23.1078 -3.48046 -0.0128796 -3.67855 -0.849101 -2.50048 0 
0.271714 2.60601 -23.1048 -3.48135 -0.0145007 -3.67847 -0.846155 -2.60601 0 
0.286599 2.49934 -23.1021 -3.48115 -0.0142324 -3.68248 -0.842896 -2.49934 0 
0.327752 2.231 -23.103 -3.47848 -0.0141501 -3.68739 -0.841651 -2.231 0 
0.317544 2.29428 -23.1002 -3.47915 -0.015268 -3.68635 -0.841609 -2.29428 0 
0.372641 1.97428 -23.1043 -3.47497 -0.0154684 -3.68793 -0.842053 -1.97428 0 
0.401439 1.8254 -23.1048 -3.47386 -0.0142714 -3.69126 -0.839082 -1.8254 0 
0.413007 1.76858 -23.1087 -3.47343 -0.0119934 -3.69065 -0.844128 -1.76858 0 
0.415544 1.75633 -23.1085 -3.47355 -0.0114336 -3.6905 -0.846411 -1.75633 0 
0.455219 1.57395 -23.1064 -3.47185 -0.0114779 -3.68879 -0.843805 -1.57395 0 
0.394005 1.86278 -23.1057 -3.47498 -0.0121045 -3.68566 -0.845903 -1.86278 0 
0.325972 2.24189 -23.1021 -3.47946 -0.012601 -3.68562 -0.842374 -2.24189 0 
0.326228 2.24032 -23.1031 -3.47926 -0.0124745 -3.68668 -0.844255 -2.24032 0 
0.386572 1.90088 -23.1064 -3.47464 -0.013516 -3.68989 -0.843632 -1.90088 0 
0.318123 2.29064 -23.1051 -3.47866 -0.0139712 -3.68393 -0.843703 -2.29064 0 
0.446482 1.61271 -23.1086 -3.47083 -0.0138259 -3.68929 -0.842344 -1.61271 0 
0.457161 1.56544 -23.1111 -3.47042 -0.0123655 -3.69228 -0.844555 -1.56544 0 
0.362624 2.02878 -23.1071 -3.47617 -0.012732 -3.68637 -0.845876 -2.02878 0 
0.345008 2.12837 -23.1042 -3.47731 -0.0136857 -3.6876 -0.846493 -2.12837 0 
0.348755 2.10677 -23.1043 -3.47764 -0.0126735 -3.69303 -0.841736 -2.10677 0 
0.206428 3.1556 -23.095 -3.48874 -0.0136073 -3.68497 -0.840155 -3.1556 0 
0.163427 3.62278 -23.0918 -3.49273 -0.0146631 -3.68706 -0.836579 -3.62278 0 
0.178159 3.45016 -23.0983 -3.49064 -0.0131195 -3.68165 -0.839151 -3.45016 0 
0.135556 3.99674 -23.0986 -3.49457 -0.0133319 -3.67842 -0.838886 -3.99674 0 
0.130328 4.0754 -23.0996 -3.49521 -0.012497 -3.67359 -0.844368 -4.0754 0 
0.104174 4.52338 -23.093 -3.4991 -0.0142973 -3.66899 -0.842265 -4.52338 0 
0.120734 4.22834 -23.094 -3.49636 -0.0152993 -3.66869 -0.840973 -4.22834 0 
0.174887 4.87352 -23.0932 -3.50073 -0.0157244 -3.66719 -0.842838 -4.87352 0 
0.181104 4.80366 -23.0911 -3.50118 -0.014956 -3.67011 -0.839188 -4.80366 0 
0.0945457 4.71734 -23.0882 -3.50098 -0.0156425 -3.67074 -0.836801 -4.71734 0 
0.0905627 4.80342 -23.0836 -3.50219 -0.0165705 -3.66754 -0.835558 -4.80342 0 
0.255072 4.11871 -23.0921 -3.49457 -0.018629 -3.66784 -0.834778 -4.11871 0 
0.111021 4.39608 -23.0921 -3.49628 -0.0190727 -3.66795 -0.836512 -4.39608 0 
0.112082 4.37704 -23.093 -3.49541 -0.0201635 -3.66571 -0.837948 -4.37704 0 
0.105055 4.50654 -23.0906 -3.49648 -0.0209716 -3.66382 -0.837877 -4.50654 0 
0.0911174 4.79121 -23.0885 -3.49846 -0.0220904 -3.66215 -0.834223 -4.79121 0 
0.0918535 4.77512 -23.0878 -3.49809 -0.0229889 -3.65906 -0.83354 -4.77512 0 
0.199105 4.61414 -23.0902 -3.49754 -0.0206089 -3.65924 -0.834413 -4.61414 0 
0.146646 3.83947 -23.0958 -3.49141 -0.0192017 -3.66538 -0.833946 -3.83947 0 
0.146582 3.84033 -23.0938 -3.49197 -0.0190641 -3.66759 -0.832312 -3.84033 0 
0.0600649 5.62466 -23.091 -3.50417 -0.0202503 -3.66566 -0.830107 -5.62466 0 
0.0607627 5.60156 -23.0919 -3.50355 -0.0207521 -3.66331 -0.831268 -5.60156 0 
0.0317553 6.89939 -23.089 -3.51124 -0.0222778 -3.66353 -0.830707 -6.89939 0 
0.0382738 6.52598 -23.0934 -3.50737 -0.0236262 -3.66095 -0.829658 -6.52598 0 
0.0324183 6.85807 -23.0935 -3.50849 -0.0252001 -3.6599 -0.830232 -6.85807 0 
0.0426651 6.30875 -23.0946 -3.50474 -0.0258841 -3.6615 -0.830256 -6.30875 0 
0.0632768 5.52047 -23.0996 -3.49907 -0.0252722 -3.66334 -0.828597 -5.52047 0 
0.0994062 6.00338 -23.0995 -3.50121 -0.0269332 -3.65971 -0.828765 -6.00338 0 
0.0419019 6.34485 -23.0952 -3.50444 -0.0267012 -3.65868 -0.829678 -6.34485 0 
0.0435385 6.26822 -23.0984 -3.50276 -0.0274741 -3.65925 -0.831332 -6.26822 0 
0.0320406 6.8815 -23.0959 -3.50664 -0.0281411 -3.66299 -0.829658 -6.8815 0 
0.0295711 7.04192 -23.0925 -3.50863 -0.0277319 -3.66195 -0.828432 -7.04192 0 
0.0587036 7.0568 -23.0922 -3.51011 -0.0249015 -3.66034 -0.829162 -7.0568 0 
0.0344614 6.73583 -23.0907 -3.50779 -0.0269485 -3.66052 -0.825604 -6.73583 0 
0.0274087 7.19379 -23.0879 -3.50981 -0.0296641 -3.66055 -0.824765 -7.19379 0 
0.0251369 7.36684 -23.0889 -3.51096 -0.0285472 -3.65755 -0.828892 -7.36684 0 
0.0229984 7.54466 -23.0828 -3.51338 -0.0287523 -3.6584 -0.828599 -7.54466 0 
0.0331075 6.81599 -23.0861 -3.50956 -0.0264367 -3.65611 -0.829095 -6.81599 0 
0.0388027 6.49853 -23.0881 -3.50742 -0.0260764 -3.65759 -0.82836 -6.49853 0 
0.0379798 6.5414 -23.0892 -3.5081 -0.0247916 -3.6622 -0.823444 -6.5414 0 
0.0408696 6.39474 -23.0916 -3.50723 -0.0234561 -3.66439 -0.825593 -6.39474 0 
0.0583984 5.68093 -23.0942 -3.50289 -0.0222026 -3.6678 -0.825773 -5.68093 0 
0.046903 6.11935 -23.0937 -3.5056 -0.0223758 -3.66667 -0.824973 -6.11935 0 
0.0437427 6.25886 -23.0938 -3.50577 -0.0237693 -3.66515 -0.823551 -6.25886 0 
0.0432958 6.2794 -23.0927 -3.50636 -0.0234737 -3.66676 -0.820865 -6.2794 0 
0.0514028 5.93613 -23.094 -3.50331 -0.0248692 -3.66207 -0.82186 -5.93613 0 
0.0559247 5.7675 -23.0951 -3.50226 -0.024422 -3.66089 -0.81954 -5.7675 0 
0.0677016 5.38529 -23.094 -3.49999 -0.0248548 -3.66262 -0.819608 -5.38529 0 
0.0569445 5.73136 -23.0977 -3.50165 -0.0236429 -3.65752 -0.825759 -5.73136 0 
0.0765103 5.14066 -23.0987 -3.49821 -0.0225385 -3.65685 -0.827666 -5.14066 0 
0.079084 5.07449 -23.0967 -3.49867 -0.0217729 -3.6614 -0.825897 -5.07449 0 
0.065219 5.46001 -23.0967 -3.49968 -0.0249193 -3.65882 -0.822515 -5.46001 0 
0.0478089 6.08109 -23.0941 -3.50409 -0.0249218 -3.65459 -0.824563 -6.08109 0 
0.044667 6.21704 -23.089 -3.50624 -0.024763 -3.6566 -0.82398 -6.21704 0 
0.111631 5.7714 -23.0898 -3.50311 -0.0252318 -3.6567 -0.825609 -5.7714 0 
0.0494046 6.01542 -23.0904 -3.50444 -0.0252289 -3.65047 -0.826714 -6.01542 0 
0.069803 6.71045 -23.0852 -3.50944 -0.0260215 -3.65027 -0.826136 -6.71045 0 
0.0246433 7.4065 -23.0846 -3.51339 -0.0262651 -3.64702 -0.825225 -7.4065 0 
0.0263316 7.27397 -23.0853 -3.51279 -0.0255507 -3.64816 -0.826308 -7.27397 0 
0.0189597 7.93088 -23.0802 -3.5176 -0.0257941 -3.64379 -0.823595 -7.93088 0 
0.0185896 7.97031 -23.0806 -3.51775 -0.0258618 -3.64731 -0.819954 -7.97031 0 
0.0229145 7.55197 -23.0841 -3.51527 -0.024421 -3.65072 -0.820617 -7.55197 0 
0.0371815 6.58389 -23.0849 -3.51047 -0.0226973 -3.65486 -0.818146 -6.58389 0 
0.039881 6.44371 -23.0848 -3.50924 -0.0238242 -3.65554 -0.813711 -6.44371 0 
0.0590391 5.65911 -23.088 -3.50372 -0.0237982 -3.65805 -0.815284 -5.65911 0 
0.0569872 5.72986 -23.0848 -3.50483 -0.0239693 -3.65632 -0.81593 -5.72986 0 
0.0690475 5.34592 -23.088 -3.50083 -0.0258423 -3.66165 -0.813796 -5.34592 0 
0.117557 4.28167 -23.0924 -3.49403 -0.0228823 -3.66744 -0.815301 -4.28167 0 
0.173878 3.4988 -23.0961 -3.48701 -0.023759 -3.67044 -0.813568 -3.4988 0 
0.226662 2.96859 -23.0999 -3.48244 -0.0226878 -3.67586 -0.810297 -2.96859 0 
0.456638 2.95402 -23.0991 -3.48176 -0.0243833 -3.67659 -0.808212 -2.95402 0 
0.192895 3.29122 -23.0942 -3.48575 -0.0241724 -3.67452 -0.807388 -3.29122 0 
0.192764 3.29257 -23.0978 -3.48528 -0.0234251 -3.67847 -0.80805 -3.29257 0 
0.16749 3.57366 -23.099 -3.48672 -0.0242975 -3.67553 -0.811301 -3.57366 0 
0.305142 3.76025 -23.0961 -3.48884 -0.0241089 -3.67342 -0.81476 -3.76025 0 
0.171604 3.52514 -23.0967 -3.48697 -0.0239873 -3.67597 -0.813913 -3.52514 0 
0.161652 3.64462 -23.0963 -3.488 -0.0239644 -3.67906 -0.813276 -3.64462 0 
0.227513 2.9611 -23.0978 -3.48169 -0.0252086 -3.67891 -0.809246 -2.9611 0 
0.182859 3.39808 -23.098 -3.48536 -0.0248909 -3.67587 -0.809357 -3.39808 0 
0.254405 2.73766 -23.1031 -3.47961 -0.0229047 -3.68149 -0.812039 -2.73766 0 
0.244005 2.82114 -23.1069 -3.47952 -0.0227049 -3.67858 -0.813611 -2.82114 0 
0.228083 2.95609 -23.1102 -3.48024 -0.0219083 -3.67683 -0.813136 -2.95609 0 
0.223765 2.99432 -23.1118 -3.47962 -0.0232169 -3.67642 -0.809468 -2.99432 0 
0.224427 2.98841 -23.1145 -3.47908 -0.0228641 -3.67698 -0.807813 -2.98841 0 
0.203398 3.18518 -23.114 -3.48133 -0.0217289 -3.67988 -0.80671 -3.18518 0 
0.289153 2.4816 -23.112 -3.47637 -0.0207456 -3.68101 -0.806923 -2.4816 0 
0.295789 2.43622 -23.1157 -3.47486 -0.0211437 -3.67635 -0.808363 -2.43622 0 
0.195323 3.26621 -23.1103 -3.48315 -0.0211774 -3.67429 -0.807349 -3.26621 0 
0.191479 3.30596 -23.1097 -3.48328 -0.0220141 -3.67909 -0.803985 -3.30596 0 
0.157024 3.70272 -23.1095 -3.4865 -0.021648 -3.67422 -0.804153 -3.70272 0 
0.377747 3.33336 -23.1102 -3.48419 -0.0202072 -3.67669 -0.804788 -3.33336 0 
0.100048 4.60421 -23.113 -3.47976 -0.0208247 -3.67564 -0.801559 -4.60421 0 
0.214023 3.08334 -23.1102 -3.48183 -0.0210996 -3.67333 -0.803726 -3.08334 0 
0.21905 3.03691 -23.1147 -3.48023 -0.0213156 -3.67805 -0.803633 -3.03691 0 
0.234142 2.90366 -23.1138 -3.47917 -0.0216552 -3.67923 -0.805253 -2.90366 0 
0.203847 3.18077 -23.1089 -3.48236 -0.0222275 -3.67871 -0.805737 -3.18077 0 
0.309334 2.34667 -23.1081 -3.47572 -0.0216672 -3.68772 -0.800884 -2.34667 0 
0.346501 2.11974 -23.1121 -3.47278 -0.0212325 -3.68621 -0.803381 -2.11974 0 
0.250609 2.76772 -23.1088 -3.47894 -0.0223829 -3.67997 -0.803392 -2.76772 0 
0.24697 2.79698 -23.1101 -3.47842 -0.0234262 -3.67741 -0.801931 -2.79698 0 
0.517633 2.70327 -23.1074 -3.47879 -0.022401 -3.67934 -0.799757 -2.70327 0 
0.300083 2.40739 -23.1109 -3.47513 -0.0228558 -3.67982 -0.798509 -2.40739 0 
0.394752 1.859 -23.1146 -3.46969 -0.0210683 -3.68282 -0.799875 -1.859 0 
0.428199 1.69633 -23.1123 -3.46774 -0.0227238 -3.68307 -0.796657 -1.69633 0 
0.488845 1.43142 -23.1161 -3.46454 -0.0211923 -3.68666 -0.795602 -1.43142 0 
1.01845 1.34972 -23.1177 -3.46272 -0.0221144 -3.68784 -0.796754 -1.34972 0 
0.190787 3.31319 -23.1164 -3.4645 -0.0219922 -3.68667 -0.796362 -3.31319 0 
0.183432 3.39182 -23.1162 -3.4649 -0.0226153 -3.68607 -0.795612 -3.39182 0 
0.505138 1.36585 -23.1185 -3.46251 -0.022634 -3.68593 -0.796118 -1.36585 0 
0.522132 1.29967 -23.1207 -3.46209 -0.0206589 -3.68445 -0.797144 -1.29967 0 
0.475213 1.48798 -23.1146 -3.46613 -0.0198801 -3.67993 -0.798457 -1.48798 0 
0.552558 1.18639 -23.1159 -3.46272 -0.0183316 -3.68054 -0.795934 -1.18639 0 
0.332845 2.20016 -23.116 -3.46105 -0.0174047 -3.68004 -0.796713 -2.20016 0 
1.17117 1.07029 -23.1145 -3.4616 -0.0176852 -3.67864 -0.797585 -1.07029 0 
0.51049 1.34477 -23.11 -3.46688 -0.0164656 -3.67605 -0.797755 -1.34477 0 
0.525442 1.28703 -23.11 -3.46678 -0.0150801 -3.67961 -0.796392 -1.28703 0 
0.504669 1.3677 -23.1097 -3.46806 -0.0148675 -3.68662 -0.793382 -1.3677 0 
0.486114 1.44262 -23.111 -3.46762 -0.01721 -3.68021 -0.795761 -1.44262 0 
0.15436 3.73693 -23.1049 -3.4748 -0.017822 -3.67599 -0.796088 -3.73693 0 
0.625816 2.32369 -23.1016 -3.47842 -0.0186581 -3.66679 -0.79809 -2.32369 0 
0.371197 1.98205 -23.1013 -3.47499 -0.0189151 -3.67015 -0.794634 -1.98205 0 
0.316616 2.30013 -23.1 -3.47825 -0.0193704 -3.66547 -0.795043 -2.30013 0 
0.299259 2.41289 -23.1002 -3.47913 -0.0195629 -3.66004 -0.798412 -2.41289 0 
0.293838 2.44945 -23.0985 -3.47993 -0.0193653 -3.65746 -0.797883 -2.44945 0 
0.259376 2.69895 -23.1005 -3.48131 -0.0203898 -3.65777 -0.796813 -2.69895 0 
0.278853 2.55414 -23.1015 -3.48002 -0.0199531 -3.66246 -0.795713 -2.55414 0 
0.292735 2.45698 -23.1037 -3.47932 -0.0182862 -3.66164 -0.801387 -2.45698 0 
0.196277 3.25646 -23.0961 -3.48721 -0.01979 -3.66093 -0.799786 -3.25646 0 
0.161125 3.65115 -23.095 -3.48983 -0.0213387 -3.65727 -0.799674 -3.65115 0 
0.142113 3.90226 -23.0954 -3.49202 -0.0205995 -3.65885 -0.796448 -3.90226 0 
0.140597 3.92371 -23.0945 -3.49293 -0.0193552 -3.6566 -0.798909 -3.92371 0 
0.240287 2.85184 -23.096 -3.48417 -0.0192766 -3.66659 -0.796542 -2.85184 0 
0.336515 2.17822 -23.0981 -3.47841 -0.0171742 -3.66899 -0.797608 -2.17822 0 
0.336189 2.18016 -23.0985 -3.47794 -0.0179739 -3.66669 -0.798674 -2.18016 0 
0.371626 1.97973 -23.0976 -3.47673 -0.0164177 -3.66361 -0.800559 -1.97973 0 
0.369193 1.99287 -23.0975 -3.47657 -0.0172732 -3.66441 -0.796477 -1.99287 0 
0.458743 1.55853 -23.1034 -3.47063 -0.0170882 -3.67046 -0.794619 -1.55853 0 
0.442252 1.63175 -23.1007 -3.47292 -0.0152174 -3.67356 -0.792532 -1.63175 0 
0.439928 1.64229 -23.1049 -3.47181 -0.0160925 -3.67298 -0.79394 -1.64229 0 
0.457176 1.56537 -23.1018 -3.47208 -0.0148056 -3.67458 -0.793527 -1.56537 0 
0.422334 1.72392 -23.103 -3.47365 -0.014729 -3.66678 -0.799741 -1.72392 0 
0.442892 1.62886 -23.1076 -3.47138 -0.0151991 -3.66515 -0.802161 -1.62886 0 
0.441505 1.63513 -23.1054 -3.47102 -0.0170681 -3.66108 -0.80185 -1.63513 0 
0.982123 1.42237 -23.1068 -3.46821 -0.0168839 -3.66112 -0.802646 -1.42237 0 
0.547444 1.20499 -23.1091 -3.46514 -0.0162177 -3.66547 -0.804173 -1.20499 0 
0.527585 1.27889 -23.1073 -3.46571 -0.0178964 -3.66178 -0.804389 -1.27889 0 
1.0809 1.23071 -23.1105 -3.46498 -0.0166346 -3.66112 -0.806851 -1.23071 0 
0.547918 1.20326 -23.1108 -3.46414 -0.017465 -3.66381 -0.807986 -1.20326 0 
0.575191 1.10611 -23.1133 -3.46266 -0.0167165 -3.66713 -0.806263 -1.10611 0 
0.602986 1.01172 -23.116 -3.46119 -0.0155319 -3.6626 -0.810347 -1.01172 0 
0.657851 0.837555 -23.1182 -3.45829 -0.0146829 -3.66617 -0.808942 -0.837555 0 
0.65458 0.847522 -23.1191 -3.45925 -0.0125333 -3.66663 -0.81198 -0.847522 0 
2.07712 0.735259 -23.1205 -3.45761 -0.0110967 -3.66987 -0.811766 -0.735259 0 
0.716444 0.66691 -23.1249 -3.45644 -0.00894885 -3.67364 -0.813086 -0.66691 0 
0.748442 0.579522 -23.1245 -3.45493 -0.00829388 -3.67527 -0.809726 -0.579522 0 
0.802191 0.440818 -23.1292 -3.45056 -0.00807112 -3.67738 -0.809845 -0.440818 0 
0.797581 0.452344 -23.127 -3.45136 -0.00782653 -3.6788 -0.807978 -0.452344 0 
0.844893 0.337092 -23.1307 -3.44637 -0.00809936 -3.68 -0.80493 -0.337092 0 
0.766705 0.531306 -23.1262 -3.45294 -0.00948053 -3.67322 -0.808374 -0.531306 0 
0.677268 0.779376 -23.1251 -3.45868 -0.00884966 -3.67009 -0.809491 -0.779376 0 
0.720261 0.656282 -23.127 -3.45586 -0.00911992 -3.66762 -0.807419 -0.656282 0 
0.720112 0.656697 -23.1324 -3.45534 -0.00782375 -3.66602 -0.81146 -0.656697 0 
0.751839 0.570467 -23.1371 -3.45235 -0.00823713 -3.66315 -0.810271 -0.570467 0 
0.791741 0.467043 -23.1368 -3.44971 -0.00877066 -3.66777 -0.80796 -0.467043 0 
0.833662 0.363855 -23.1369 -3.4467 -0.00840954 -3.6731 -0.805234 -0.363855 0 
0.870484 0.277412 -23.1373 -3.44203 -0.00859091 -3.67207 -0.806567 -0.277412 0 
0.832318 0.36708 -23.1368 -3.4463 -0.00950437 -3.66652 -0.806722 -0.36708 0 
0.840596 0.347288 -23.1384 -3.44641 -0.00709721 -3.66495 -0.807913 -0.347288 0 
0.816756 0.404829 -23.1339 -3.44948 -0.00657844 -3.6651 -0.805851 -0.404829 0 
0.775677 0.508038 -23.1303 -3.45412 -0.00431905 -3.66987 -0.807448 -0.508038 0 
0.774584 0.510859 -23.1269 -3.45366 -0.00667611 -3.66974 -0.804901 -0.510859 0 
0.781958 0.491908 -23.1275 -3.45246 -0.00795505 -3.66926 -0.804848 -0.491908 0 
0.734768 0.616401 -23.1242 -3.45566 -0.0088521 -3.66781 -0.805377 -0.616401 0 
0.660311 0.83009 -23.1223 -3.46072 -0.00769291 -3.67014 -0.806727 -0.83009 0 
0.677243 0.779449 -23.1221 -3.4609 -0.00559972 -3.67472 -0.803067 -0.779449 0 
0.64058 0.890763 -23.1223 -3.463 -0.00515158 -3.67263 -0.804492 -0.890763 0 
0.382624 1.9214 -23.1237 -3.46283 -0.00525795 -3.66745 -0.806441 -1.9214 0 
0.625679 0.937834 -23.1253 -3.46322 -0.00487798 -3.67034 -0.80779 -0.937834 0 
0.572079 1.11695 -23.1261 -3.46558 -0.00508511 -3.66862 -0.80869 -1.11695 0 
0.447083 1.61002 -23.1192 -3.47294 -0.00561344 -3.66396 -0.814214 -1.61002 0 
0.473877 1.49362 -23.1222 -3.4715 -0.00435641 -3.6645 -0.814357 -1.49362 0 
0.46731 1.52153 -23.1186 -3.47331 -0.00301688 -3.66754 -0.811325 -1.52153 0 
0.515999 1.3233 -23.1179 -3.47119 -0.00269481 -3.67049 -0.810498 -1.3233 0 
0.542737 1.22226 -23.1201 -3.46896 -0.00358112 -3.67074 -0.81252 -1.22226 0 
0.472774 1.49827 -23.1194 -3.47261 -0.00346165 -3.66728 -0.81466 -1.49827 0 
0.561381 1.15471 -23.1216 -3.46846 -0.00199591 -3.67301 -0.813139 -1.15471 0 
0.630271 0.923212 -23.1233 -3.46428 -0.0028828 -3.6715 -0.810052 -0.923212 0 
0.392569 1.87009 -23.1227 -3.46368 -0.00206543 -3.66956 -0.81274 -1.87009 0 
0.713319 0.675652 -23.1255 -3.45992 -0.00164831 -3.66968 -0.813466 -0.675652 0 
0.68465 0.757695 -23.1244 -3.46203 -0.000903207 -3.66663 -0.815597 -0.757695 0 
0.68425 0.758865 -23.1231 -3.46183 -0.00185561 -3.66697 -0.81557 -0.758865 0 
0.630394 0.922821 -23.1207 -3.46534 -0.00156408 -3.66862 -0.813139 -0.922821 0 
0.735889 0.613353 -23.1225 -3.45911 -0.00173097 -3.6748 -0.807533 -0.613353 0 
0.764096 0.538123 -23.1227 -3.45711 -0.00186775 -3.67353 -0.808921 -0.538123 0 
0.815602 0.407658 -23.1247 -3.4524 -0.00236781 -3.6728 -0.809995 -0.407658 0 
1.60173 0.44413 -23.1219 -3.45356 -0.00346676 -3.6745 -0.805702 -0.44413 0 
0.809255 0.423281 -23.1249 -3.45335 -0.00179048 -3.67713 -0.806841 -0.423281 0 
0.812914 0.41426 -23.1253 -3.45281 -0.00243414 -3.67755 -0.801526 -0.41426 0 
0.770826 0.520585 -23.1222 -3.45667 -0.00222368 -3.6785 -0.801603 -0.520585 0 
0.721915 0.651696 -23.1173 -3.46 -0.00342428 -3.67728 -0.803869 -0.651696 0 
0.731266 0.625957 -23.1177 -3.45959 -0.0026982 -3.67818 -0.807635 -0.625957 0 
0.737979 0.607679 -23.1173 -3.45946 -0.00224119 -3.67839 -0.804572 -0.607679 0 
0.703121 0.704452 -23.1155 -3.46219 -0.00158227 -3.67923 -0.807123 -0.704452 0 
1.37725 0.74611 -23.1141 -3.46355 -0.000780925 -3.67822 -0.809995 -0.74611 0 
0.634183 0.910834 -23.1096 -3.46723 -0.000983361 -3.67525 -0.811227 -0.910834 0 
0.705307 0.698244 -23.1113 -3.46271 -0.00112257 -3.67574 -0.806951 -0.698244 0 
0.638396 0.897593 -23.1095 -3.46675 -0.00174131 -3.6707 -0.806549 -0.897593 0 
1.32721 0.820131 -23.109 -3.46536 -0.00169126 -3.67235 -0.806119 -0.820131 0 
0.740465 0.600953 -23.1101 -3.46013 -0.00140156 -3.67507 -0.804813 -0.600953 0 
0.772295 0.516776 -23.1109 -3.4577 -0.000376614 -3.67452 -0.803324 -0.516776 0 
2.32519 0.509622 -23.1098 -3.45729 -0.000447366 -3.67631 -0.802181 -0.509622 0 
0.757552 0.555325 -23.1049 -3.45869 -0.000637172 -3.67837 -0.799092 -0.555325 0 
0.786067 0.481427 -23.1069 -3.45414 -0.00188782 -3.67678 -0.799425 -0.481427 0 
0.793668 0.462179 -23.1073 -3.45081 -0.00168894 -3.68112 -0.79624 -0.462179 0 
0.794041 0.46124 -23.1071 -3.44989 -0.00384434 -3.68013 -0.796593 -0.46124 0 
0.785665 0.482449 -23.1081 -3.4452 -0.00501577 -3.69016 -0.793105 -0.482449 0 
0.789659 0.472308 -23.1059 -3.451 -0.0064979 -3.68259 -0.792923 -0.472308 0 
0.779393 0.49848 -23.1038 -3.45274 -0.00582684 -3.68419 -0.792201 -0.49848 0 
0.772944 0.515097 -23.1024 -3.45319 -0.00615816 -3.68299 -0.793188 -0.515097 0 
0.692096 0.73606 -23.096 -3.46201 -0.00678809 -3.67914 -0.79279 -0.73606 0 
0.299666 2.41017 -23.0932 -3.46159 -0.00724685 -3.68191 -0.792518 -2.41017 0 
0.656828 0.840668 -23.0929 -3.46433 -0.00793886 -3.68074 -0.792539 -0.840668 0 
0.677996 0.777227 -23.0954 -3.46216 -0.00896681 -3.68376 -0.794874 -0.777227 0 
0.653885 0.849648 -23.0949 -3.46406 -0.0087841 -3.6788 -0.796077 -0.849648 0 
0.654048 0.849151 -23.0962 -3.46423 -0.00834257 -3.68034 -0.795604 -0.849151 0 
0.691679 0.737266 -23.096 -3.46099 -0.00890535 -3.68486 -0.796736 -0.737266 0 
0.6742 0.788456 -23.0909 -3.46192 -0.00992846 -3.68931 -0.792189 -0.788456 0 
0.680328 0.770362 -23.0898 -3.46072 -0.0112564 -3.68747 -0.790161 -0.770362 0 
0.728258 0.634199 -23.093 -3.45563 -0.0104975 -3.69023 -0.790697 -0.634199 0 
0.31001 2.3423 -23.0908 -3.45949 -0.0113034 -3.68685 -0.792271 -2.3423 0 
0.682459 0.764105 -23.0907 -3.46131 -0.00917212 -3.68595 -0.794805 -0.764105 0 
0.682393 0.764298 -23.0903 -3.4606 -0.0110332 -3.68468 -0.791956 -0.764298 0 
0.706057 0.696119 -23.093 -3.4585 -0.0109047 -3.68201 -0.793539 -0.696119 0 
0.719277 0.659017 -23.0934 -3.45711 -0.0104944 -3.68312 -0.793126 -0.659017 0 
0.71333 0.675623 -23.0909 -3.45729 -0.00988261 -3.68332 -0.79388 -0.675623 0 
0.728771 0.632792 -23.0935 -3.45576 -0.010357 -3.68214 -0.792081 -0.632792 0 
0.745131 0.58839 -23.0943 -3.45119 -0.0109815 -3.68684 -0.79029 -0.58839 0 
0.35466 2.07319 -23.0929 -3.45178 -0.0112579 -3.68816 -0.788065 -2.07319 0 
0.746358 0.585101 -23.0962 -3.4475 -0.0100582 -3.68676 -0.791161 -0.585101 0 
0.739781 0.602801 -23.0947 -3.44743 -0.0111026 -3.68586 -0.790907 -0.602801 0 
0.740692 0.600341 -23.0937 -3.45229 -0.0092007 -3.68236 -0.793893 -0.600341 0 
0.744752 0.589409 -23.0957 -3.44737 -0.0112187 -3.67784 -0.795552 -0.589409 0 
0.733011 0.621188 -23.0931 -3.44822 -0.0107501 -3.68111 -0.792208 -0.621188 0 
0.734516 0.617088 -23.0926 -3.45039 -0.00990227 -3.67655 -0.794493 -0.617088 0 
0.746136 0.585695 -23.0952 -3.45119 -0.00856705 -3.67283 -0.797345 -0.585695 0 
0.753744 0.565404 -23.0979 -3.45315 -0.0086131 -3.67026 -0.80095 -0.565404 0 
0.733001 0.621217 -23.0963 -3.45635 -0.0090075 -3.67053 -0.800069 -0.621217 0 
0.747699 0.581511 -23.0961 -3.45352 -0.008324 -3.67729 -0.796373 -0.581511 0 
0.748802 0.57856 -23.0966 -3.44855 -0.00851641 -3.68088 -0.792361 -0.57856 0 
0.754669 0.562952 -23.0969 -3.44929 -0.00944341 -3.67851 -0.790378 -0.562952 0 
0.756628 0.557767 -23.0984 -3.44842 -0.00787621 -3.67975 -0.791569 -0.557767 0 
0.7684 0.526889 -23.1027 -3.44551 -0.00815651 -3.6849 -0.787479 -0.526889 0 
1.53582 0.528166 -23.1027 -3.44618 -0.00707501 -3.68451 -0.790993 -0.528166 0 
0.763611 0.539393 -23.1037 -3.44464 -0.00695917 -3.68312 -0.791015 -0.539393 0 
0.762542 0.542196 -23.1012 -3.44691 -0.00675165 -3.681 -0.79051 -0.542196 0 
0.747677 0.581568 -23.0975 -3.4481 -0.00694129 -3.68294 -0.791896 -0.581568 0 
0.751697 0.570844 -23.097 -3.45088 -0.00535332 -3.67811 -0.792172 -0.570844 0 
0.76339 0.539972 -23.0993 -3.45253 -0.00522836 -3.67266 -0.793593 -0.539972 0 
0.765329 0.534899 -23.0999 -3.4518 -0.00401908 -3.67342 -0.792706 -0.534899 0 
0.76365 0.539292 -23.0998 -3.45257 -0.00175482 -3.67658 -0.790894 -0.539292 0 
2.27225 0.555685 -23.102 -3.44846 -0.00095362 -3.68201 -0.787862 -0.555685 0 
0.761224 0.545656 -23.1022 -3.44858 -0.00136776 -3.68172 -0.786158 -0.545656 0 
2.20375 0.616907 -23.0984 -3.4486 -0.000629388 -3.68612 -0.785633 -0.616907 0 
0.71367 0.67467 -23.0992 -3.44472 -0.00274786 -3.68555 -0.785083 -0.67467 0 
0.737698 0.608441 -23.0958 -3.44902 -0.00480694 -3.68192 -0.783126 -0.608441 0 
0.719422 0.658613 -23.0939 -3.44832 -0.00454406 -3.68037 -0.784262 -0.658613 0 
0.694777 0.728329 -23.095 -3.44542 -0.00353532 -3.68743 -0.78173 -0.728329 0 
1.42956 0.671559 -23.0925 -3.45084 -0.00111108 -3.68786 -0.78185 -0.671559 0 
0.727778 0.635517 -23.092 -3.45423 -0.000614597 -3.68262 -0.782167 -0.635517 0 
0.718278 0.661796 -23.0899 -3.45431 -0.00155221 -3.67946 -0.780152 -0.661796 0 
0.687158 0.750383 -23.0829 -3.45702 -0.00245307 -3.67708 -0.780208 -0.750383 0 
0.697514 0.720465 -23.0874 -3.45272 -0.00221674 -3.67816 -0.780334 -0.720465 0 
0.682032 0.765357 -23.0887 -3.44903 -0.00294451 -3.68179 -0.778902 -0.765357 0 
0.628374 0.929239 -23.092 -3.44227 -0.00349625 -3.68217 -0.777158 -0.929239 0 
0.596373 1.03378 -23.0947 -3.43915 -0.00289997 -3.6863 -0.775204 -1.03378 0 
0.596092 1.03472 -23.0998 -3.4364 -0.00340587 -3.68898 -0.777405 -1.03472 0 
0.585461 1.07071 -23.1032 -3.43467 -0.0026563 -3.68354 -0.778874 -1.07071 0 
0.329247 2.22189 -23.1053 -3.42996 -0.00372941 -3.6929 -0.773344 -2.22189 0 
0.338478 2.16659 -23.1062 -3.42934 -0.00477717 -3.69057 -0.774232 -2.16659 0 
0.526668 1.28237 -23.1107 -3.42845 -0.00320127 -3.69785 -0.774487 -1.28237 0 
0.547551 1.2046 -23.1054 -3.43183 -0.0026988 -3.69829 -0.774492 -1.2046 0 
0.536678 1.24471 -23.1004 -3.4332 -0.00325241 -3.69912 -0.774234 -1.24471 0 
0.508365 1.35311 -23.1022 -3.43101 -0.00333851 -3.70391 -0.771267 -1.35311 0 
0.537112 1.2431 -23.104 -3.43151 -0.00357018 -3.70142 -0.77145 -1.2431 0 
0.451122 1.59203 -23.1066 -3.42623 -0.00398258 -3.70055 -0.771639 -1.59203 0 
0.864166 1.67828 -23.1085 -3.42444 -0.0044027 -3.70192 -0.77007 -1.67828 0 
0.489793 1.42755 -23.1068 -3.42721 -0.00555921 -3.70196 -0.769563 -1.42755 0 
0.555895 1.17435 -23.1055 -3.43089 -0.00549351 -3.70459 -0.766755 -1.17435 0 
0.541681 1.22616 -23.1106 -3.42891 -0.00385713 -3.70543 -0.768483 -1.22616 0 
0.549877 1.19612 -23.1093 -3.42907 -0.00541819 -3.70541 -0.767292 -1.19612 0 
0.51994 1.30809 -23.1084 -3.42847 -0.00459197 -3.71185 -0.765621 -1.30809 0 
0.517539 1.31734 -23.1083 -3.42937 -0.00259569 -3.7155 -0.765594 -1.31734 0 
0.508073 1.35426 -23.1034 -3.43055 -0.00335946 -3.71273 -0.763486 -1.35426 0 
0.492697 1.41572 -23.105 -3.4295 -0.00256121 -3.71171 -0.770121 -1.41572 0 
0.514622 1.32864 -23.1027 -3.43158 -0.00240683 -3.71158 -0.770254 -1.32864 0 
0.550751 1.19295 -23.1046 -3.43257 -0.00229025 -3.71251 -0.771516 -1.19295 0 
0.547982 1.20303 -23.107 -3.4306 -0.00394503 -3.71594 -0.77191 -1.20303 0 
0.533718 1.25578 -23.1094 -3.42871 -0.00447247 -3.714 -0.772184 -1.25578 0 
0.600412 1.02028 -23.108 -3.43169 -0.00601535 -3.70994 -0.77328 -1.02028 0 
0.620913 0.953128 -23.1072 -3.43217 -0.0079734 -3.71117 -0.769361 -0.953128 0 
0.552899 1.18516 -23.1052 -3.42947 -0.00845199 -3.71678 -0.763418 -1.18516 0 
0.485495 1.44517 -23.1065 -3.4261 -0.00780153 -3.72047 -0.763707 -1.44517 0 
0.484545 1.44909 -23.1071 -3.42573 -0.00787253 -3.7131 -0.768716 -1.44909 0 
0.409438 1.78594 -23.1104 -3.42157 -0.00670288 -3.71334 -0.770504 -1.78594 0 
0.449877 1.59756 -23.1107 -3.42313 -0.00704331 -3.71353 -0.771399 -1.59756 0 
0.451589 1.58996 -23.1116 -3.42305 -0.00661602 -3.71057 -0.773499 -1.58996 0 
0.465445 1.52952 -23.1145 -3.42207 -0.00764985 -3.70817 -0.774428 -1.52952 0 
0.440166 1.64121 -23.1105 -3.42274 -0.00710567 -3.71479 -0.769566 -1.64121 0 
0.466833 1.52357 -23.1114 -3.42328 -0.00785395 -3.71388 -0.768387 -1.52357 0 
0.399815 1.83351 -23.1125 -3.41959 -0.00836602 -3.71462 -0.766844 -1.83351 0 
0.95925 1.4695 -23.1099 -3.42449 -0.0077774 -3.71572 -0.765618 -1.4695 0 
0.46983 1.51077 -23.1099 -3.42306 -0.00989206 -3.71334 -0.765684 -1.51077 0 
0.53268 1.25967 -23.1069 -3.42657 -0.0110447 -3.71083 -0.765755 -1.25967 0 
0.578566 1.0944 -23.107 -3.4289 -0.0106934 -3.71064 -0.763932 -1.0944 0 
0.598387 1.02703 -23.1062 -3.42972 -0.0116999 -3.70586 -0.764127 -1.02703 0 
0.573284 1.11275 -23.1095 -3.42708 -0.0116509 -3.70194 -0.767044 -1.11275 0 
1.20384 1.01526 -23.1113 -3.42689 -0.0133898 -3.7023 -0.767994 -1.01526 0 
0.546211 1.2095 -23.1151 -3.42353 -0.0117911 -3.70447 -0.768924 -1.2095 0 
0.562236 1.15167 -23.1144 -3.42435 -0.0121809 -3.70462 -0.769045 -1.15167 0 
0.577568 1.09786 -23.111 -3.42601 -0.0130126 -3.69735 -0.768489 -1.09786 0 
0.677164 0.779682 -23.1058 -3.43401 -0.0118339 -3.69392 -0.770488 -0.779682 0 
0.689045 0.744899 -23.1087 -3.43347 -0.0114474 -3.69161 -0.773498 -0.744899 0 
0.716422 0.666971 -23.1092 -3.43464 -0.0120641 -3.6906 -0.77402 -0.666971 0 
0.694325 0.72963 -23.1046 -3.43539 -0.012265 -3.69109 -0.777782 -0.72963 0 
0.690383 0.741019 -23.1034 -3.4357 -0.0123405 -3.68713 -0.78102 -0.741019 0 
0.670636 0.799058 -23.1037 -3.43469 -0.0115768 -3.68503 -0.782487 -0.799058 0 
0.654746 0.847016 -23.1024 -3.43411 -0.0121245 -3.68634 -0.782548 -0.847016 0 
1.34514 0.793305 -23.1047 -3.4349 -0.0102808 -3.68628 -0.786751 -0.793305 0 
0.389606 1.88524 -23.1067 -3.43272 -0.00980729 -3.69151 -0.787781 -1.88524 0 
0.688543 0.746354 -23.1032 -3.43665 -0.010288 -3.68832 -0.78922 -0.746354 0 
0.700251 0.712633 -23.1025 -3.43738 -0.0111768 -3.68498 -0.789283 -0.712633 0 
0.722785 0.649288 -23.0964 -3.44331 -0.010902 -3.68075 -0.788653 -0.649288 0 
0.681028 0.768304 -23.0972 -3.44047 -0.00833971 -3.68518 -0.791056 -0.768304 0 
0.695142 0.727278 -23.0975 -3.44187 -0.00746501 -3.68459 -0.791085 -0.727278 0 
0.675339 0.785081 -23.0999 -3.43981 -0.00589234 -3.68521 -0.787865 -0.785081 0 
0.704631 0.700161 -23.0996 -3.44135 -0.0073947 -3.68114 -0.788387 -0.700161 0 
0.681196 0.767809 -23.1022 -3.43791 -0.00792777 -3.68295 -0.787023 -0.767809 0 
0.685736 0.754526 -23.1024 -3.43776 -0.00862096 -3.68372 -0.79176 -0.754526 0 
0.673572 0.790321 -23.0997 -3.43921 -0.00703079 -3.68195 -0.791412 -0.790321 0 
0.727879 0.635242 -23.0989 -3.4438 -0.00771913 -3.67376 -0.794489 -0.635242 0 
0.733335 0.620306 -23.0968 -3.4464 -0.007279 -3.67138 -0.797794 -0.620306 0 
0.732987 0.621254 -23.0979 -3.44492 -0.00823558 -3.66878 -0.798986 -0.621254 0 
0.733903 0.618758 -23.1007 -3.44409 -0.00601711 -3.67276 -0.803163 -0.618758 0 
0.720505 0.655607 -23.1014 -3.44278 -0.00518202 -3.67194 -0.805188 -0.655607 0 
0.732932 0.621406 -23.1003 -3.44518 -0.00432769 -3.67331 -0.803289 -0.621406 0 
0.757537 0.555366 -23.099 -3.44867 -0.00757644 -3.66714 -0.802658 -0.555366 0 
0.749013 0.577997 -23.0979 -3.4472 -0.00855159 -3.67011 -0.799732 -0.577997 0 
0.738321 0.606752 -23.0937 -3.45286 -0.00839864 -3.66669 -0.799871 -0.606752 0 
0.729226 0.631544 -23.0917 -3.45384 -0.00837218 -3.66378 -0.797847 -0.631544 0 
0.730609 0.627754 -23.0922 -3.45365 -0.00814888 -3.65986 -0.800965 -0.627754 0 
0.729756 0.630091 -23.0922 -3.45146 -0.00778503 -3.65797 -0.801116 -0.630091 0 
0.730303 0.628591 -23.0928 -3.45115 -0.00695773 -3.65831 -0.802268 -0.628591 0 
0.729284 0.631385 -23.0914 -3.45263 -0.00846882 -3.66068 -0.795601 -0.631385 0 
0.730539 0.627945 -23.092 -3.45088 -0.00866175 -3.6623 -0.794094 -0.627945 0 
0.742939 0.594282 -23.0944 -3.45131 -0.0082102 -3.66571 -0.793017 -0.594282 0 
0.734861 0.616147 -23.093 -3.45451 -0.00822781 -3.66488 -0.793113 -0.616147 0 
0.715792 0.668731 -23.0926 -3.45884 -0.0066965 -3.66123 -0.793732 -0.668731 0 
0.704551 0.700389 -23.0932 -3.45982 -0.00804929 -3.65109 -0.79541 -0.700389 0 
1.4055 0.705509 -23.0924 -3.45962 -0.00845507 -3.65165 -0.796867 -0.705509 0 
0.616019 0.968955 -23.0908 -3.46586 -0.0109531 -3.64843 -0.7977 -0.968955 0 
0.645399 0.875773 -23.0941 -3.46465 -0.0085786 -3.64788 -0.800477 -0.875773 0 
0.619422 0.957939 -23.0938 -3.46658 -0.00816042 -3.64363 -0.803136 -0.957939 0 
0.630357 0.922938 -23.0961 -3.46532 -0.00887225 -3.64488 -0.806294 -0.922938 0 
0.551604 1.18985 -23.0903 -3.47055 -0.00928118 -3.63763 -0.807368 -1.18985 0 
0.504665 1.36772 -23.0889 -3.47397 -0.00826395 -3.63747 -0.808399 -1.36772 0 
0.535983 1.24731 -23.0874 -3.47274 -0.00724444 -3.6403 -0.804848 -1.24731 0 
0.484472 1.44939 -23.0827 -3.47588 -0.00841953 -3.64139 -0.803 -1.44939 0 
0.528653 1.27485 -23.0845 -3.47325 -0.00763106 -3.64183 -0.804627 -1.27485 0 
0.541151 1.22812 -23.0872 -3.47211 -0.00775718 -3.6376 -0.807955 -1.22812 0 
0.521825 1.30085 -23.0843 -3.4732 -0.00857097 -3.63466 -0.807336 -1.30085 0 
0.455351 1.57337 -23.0813 -3.47714 -0.0098229 -3.63112 -0.805176 -1.57337 0 
0.468151 1.51793 -23.0821 -3.47678 -0.00834214 -3.63025 -0.810491 -1.51793 0 
0.520725 1.30507 -23.0829 -3.47427 -0.00675337 -3.63669 -0.804161 -1.30507 0 
0.57514 1.10628 -23.0836 -3.47058 -0.0066786 -3.64082 -0.803618 -1.10628 0 
0.608714 0.992813 -23.0857 -3.46762 -0.00775097 -3.64165 -0.803825 -0.992813 0 
0.570074 1.12398 -23.0818 -3.47015 -0.00861444 -3.641 -0.802163 -1.12398 0 
0.553568 1.18274 -23.0793 -3.47147 -0.00820493 -3.64234 -0.804103 -1.18274 0 
0.51358 1.3327 -23.0767 -3.474 -0.0088461 -3.64122 -0.806645 -1.3327 0 
0.542561 1.22291 -23.0784 -3.47206 -0.00855747 -3.64808 -0.805822 -1.22291 0 
0.5639 1.14576 -23.0794 -3.47122 -0.00718139 -3.65617 -0.801611 -1.14576 0 
0.585932 1.0691 -23.0826 -3.46988 -0.00643954 -3.65514 -0.803433 -1.0691 0 
0.614184 0.974922 -23.0832 -3.46808 -0.00499284 -3.65537 -0.807795 -0.974922 0 
0.630953 0.921048 -23.086 -3.46669 -0.00494347 -3.65116 -0.812888 -0.921048 0 
0.617192 0.965149 -23.0875 -3.4682 -0.00452649 -3.65127 -0.810083 -0.965149 0 
0.623424 0.945056 -23.0892 -3.46727 -0.0056039 -3.6495 -0.810515 -0.945056 0 
0.652283 0.854552 -23.0901 -3.46459 -0.00667678 -3.65238 -0.80849 -0.854552 0 
0.594409 1.04037 -23.0887 -3.46895 -0.0065719 -3.64576 -0.810995 -1.04037 0 
0.600891 1.01868 -23.0892 -3.46855 -0.00625543 -3.64377 -0.813283 -1.01868 0 
1.18611 1.04493 -23.0894 -3.46898 -0.00641965 -3.64284 -0.814511 -1.04493 0 
0.622631 0.947601 -23.0898 -3.46689 -0.00632449 -3.64084 -0.8146 -0.947601 0 
0.612724 0.979681 -23.0929 -3.46855 -0.00404014 -3.63994 -0.815113 -0.979681 0 
0.579105 1.09254 -23.0914 -3.47093 -0.00385958 -3.63897 -0.815456 -1.09254 0 
0.563421 1.14746 -23.0922 -3.47157 -0.00464221 -3.63975 -0.813951 -1.14746 0 
0.556993 1.17041 -23.0906 -3.47191 -0.00508571 -3.63959 -0.813246 -1.17041 0 
0.653623 0.85045 -23.0924 -3.46395 -0.00805258 -3.64586 -0.809671 -0.85045 0 
0.640612 0.890661 -23.0869 -3.46488 -0.00777916 -3.65056 -0.808507 -0.890661 0 
0.672075 0.79477 -23.0919 -3.46319 -0.00611493 -3.65665 -0.8092 -0.79477 0 
0.716972 0.665436 -23.0931 -3.45819 -0.00640036 -3.65875 -0.807234 -0.665436 0 
0.71061 0.683262 -23.0958 -3.45911 -0.00780876 -3.65417 -0.809457 -0.683262 0 
0.366056 2.00994 -23.0941 -3.45967 -0.0074156 -3.65318 -0.807167 -2.00994 0 
0.342253 2.14441 -23.0906 -3.46304 -0.00566341 -3.65189 -0.806284 -2.14441 0 
0.698689 0.717098 -23.089 -3.46004 -0.00406986 -3.65138 -0.809412 -0.717098 0 
0.582413 1.08115 -23.0818 -3.47068 -0.00458154 -3.64489 -0.810425 -1.08115 0 
0.540652 1.22996 -23.0803 -3.47333 -0.00577466 -3.64265 -0.808045 -1.22996 0 
0.523928 1.2928 -23.0789 -3.47481 -0.00526708 -3.64497 -0.806064 -1.2928 0 
0.501057 1.38207 -23.0769 -3.47639 -0.00531235 -3.64049 -0.807642 -1.38207 0 
0.523737 1.29353 -23.0759 -3.47469 -0.0055156 -3.64008 -0.807755 -1.29353 0 
0.549465 1.19762 -23.0761 -3.47286 -0.00556954 -3.64684 -0.803632 -1.19762 0 
0.591203 1.05119 -23.0761 -3.46948 -0.0053123 -3.64889 -0.800795 -1.05119 0 
0.574785 1.10752 -23.0768 -3.47129 -0.00455917 -3.64958 -0.80281 -1.10752 0 
0.537149 1.24296 -23.0803 -3.47412 -0.00437595 -3.64661 -0.810278 -1.24296 0 
0.457093 1.56574 -23.0748 -3.47924 -0.00586838 -3.64461 -0.807228 -1.56574 0 
0.473257 1.49623 -23.074 -3.47816 -0.00588805 -3.64311 -0.80758 -1.49623 0 
0.452932 1.58403 -23.0718 -3.47959 -0.00610534 -3.64077 -0.806597 -1.58403 0 
0.439442 1.6445 -23.0695 -3.48012 -0.00738336 -3.64239 -0.804836 -1.6445 0 
0.389581 1.88537 -23.0667 -3.484 -0.00684861 -3.63814 -0.805291 -1.88537 0 
0.352304 2.08652 -23.0649 -3.48725 -0.00562182 -3.63601 -0.80826 -2.08652 0 
0.873491 1.65681 -23.069 -3.48082 -0.0061507 -3.64097 -0.806469 -1.65681 0 
0.420377 1.73321 -23.0683 -3.4822 -0.0056957 -3.63909 -0.806891 -1.73321 0 
0.414296 1.76235 -23.0697 -3.48259 -0.00546588 -3.6399 -0.808775 -1.76235 0 
0.444951 1.61958 -23.0716 -3.48054 -0.00528582 -3.64519 -0.805804 -1.61958 0 
0.407579 1.79504 -23.0718 -3.48382 -0.00363582 -3.64307 -0.805596 -1.79504 0 
0.379238 1.93918 -23.0671 -3.48547 -0.00540864 -3.64744 -0.800609 -1.93918 0 
0.351135 2.09317 -23.0649 -3.4882 -0.00405328 -3.646 -0.802362 -2.09317 0 
0.30868 2.3509 -23.0594 -3.49154 -0.00471633 -3.64349 -0.800989 -2.3509 0 
0.11477 4.32964 -23.0603 -3.49303 -0.00592193 -3.64079 -0.801135 -4.32964 0 
0.352795 2.08373 -23.0669 -3.48831 -0.00317683 -3.6432 -0.80219 -2.08373 0 
0.335511 2.1842 -23.0635 -3.48931 -0.00445023 -3.64207 -0.801082 -2.1842 0 
0.296751 2.42972 -23.0603 -3.49327 -0.00251617 -3.64191 -0.804807 -2.42972 0 
0.322121 2.26566 -23.0645 -3.4916 -0.000801623 -3.64248 -0.80988 -2.26566 0 
0.335054 2.18693 -23.0618 -3.49052 -0.0016229 -3.64515 -0.808599 -2.18693 0 
0.362839 2.02759 -23.0635 -3.48819 -0.00208924 -3.64789 -0.806786 -2.02759 0 
0.370736 1.98453 -23.0661 -3.48765 -0.00165186 -3.65347 -0.806532 -1.98453 0 
0.666596 2.19744 -23.0639 -3.49055 -0.00153746 -3.64872 -0.807727 -2.19744 0 
0.285366 2.50797 -23.0606 -3.49303 -0.00495809 -3.64641 -0.804587 -2.50797 0 
0.275438 2.57878 -23.0583 -3.49408 -0.00490818 -3.64923 -0.804002 -2.57878 0 
0.272454 2.60057 -23.0611 -3.49356 -0.00603712 -3.64963 -0.8026 -2.60057 0 
0.706662 2.0807 -23.0641 -3.48894 -0.00193872 -3.65223 -0.805825 -2.0807 0 
0.321717 2.26817 -23.0635 -3.49046 -0.00384327 -3.6507 -0.805864 -2.26817 0 
0.280702 2.54092 -23.0611 -3.49312 -0.00535994 -3.64613 -0.806223 -2.54092 0 
0.229337 2.94512 -23.0565 -3.49736 -0.00646807 -3.64537 -0.80642 -2.94512 0 
0.218213 3.04457 -23.0553 -3.4987 -0.00604802 -3.64641 -0.805339 -3.04457 0 
0.209383 3.12718 -23.0559 -3.49946 -0.00584166 -3.64303 -0.808096 -3.12718 0 
0.362147 3.41771 -23.0537 -3.50166 -0.00749867 -3.64148 -0.809664 -3.41771 0 
0.165369 3.59915 -23.0511 -3.50349 -0.00766891 -3.63968 -0.812123 -3.59915 0 
0.164442 3.6104 -23.0521 -3.50348 -0.00778361 -3.63505 -0.809006 -3.6104 0 
0.142281 3.8999 -23.0508 -3.50632 -0.0077537 -3.63663 -0.80277 -3.8999 0 
0.217761 4.43501 -23.0497 -3.51072 -0.00796639 -3.63423 -0.80178 -4.43501 0 
0.190996 4.6973 -23.0463 -3.51327 -0.00808042 -3.63403 -0.798797 -4.6973 0 
0.0846243 4.93907 -23.0468 -3.51522 -0.0076767 -3.6367 -0.797044 -4.93907 0 
0.0722734 5.2546 -23.0457 -3.51746 -0.00820003 -3.63764 -0.79545 -5.2546 0 
0.0601828 5.62074 -23.0461 -3.51985 -0.00835128 -3.63769 -0.79623 -5.62074 0 
0.0811567 5.02275 -23.0512 -3.51477 -0.00841293 -3.64441 -0.795975 -5.02275 0 
0.183871 4.77334 -23.0545 -3.51256 -0.00807145 -3.64884 -0.795116 -4.77334 0 
0.110869 4.39882 -23.0585 -3.51044 -0.00504555 -3.64919 -0.797385 -4.39882 0 
0.142241 3.90047 -23.0656 -3.50579 -0.00404436 -3.6516 -0.797378 -3.90047 0 
0.585483 3.26786 -23.0729 -3.49987 -0.00268097 -3.65402 -0.798443 -3.26786 0 
0.129819 4.08322 -23.0686 -3.50681 -0.00362965 -3.65243 -0.79947 -4.08322 0 
0.132141 4.04777 -23.0675 -3.50617 -0.00499197 -3.64962 -0.797261 -4.04777 0 
0.32038 3.66279 -23.0686 -3.50324 -0.00428371 -3.65007 -0.797322 -3.66279 0 
0.167458 3.57404 -23.0703 -3.50329 -0.0019903 -3.65401 -0.796027 -3.57404 0 
0.175373 3.48168 -23.0702 -3.50255 -0.00187116 -3.64953 -0.798436 -3.48168 0 
0.142553 3.89608 -23.0676 -3.50493 -0.00508352 -3.64594 -0.796929 -3.89608 0 
0.15076 3.78413 -23.0675 -3.5055 -0.00195114 -3.64564 -0.796816 -3.78413 0 
0.145029 3.86164 -23.0657 -3.50566 -0.00362334 -3.64185 -0.79695 -3.86164 0 
0.164239 3.61286 -23.0673 -3.50335 -0.00377364 -3.64305 -0.794877 -3.61286 0 
0.197277 3.24629 -23.0687 -3.50021 -0.00334356 -3.6489 -0.793161 -3.24629 0 
0.227875 2.95791 -23.0719 -3.49686 -0.00391907 -3.64886 -0.791992 -2.95791 0 
0.26853 2.62959 -23.071 -3.49414 -0.00322476 -3.64941 -0.792335 -2.62959 0 
0.2982 2.41998 -23.0741 -3.49133 -0.00352245 -3.64833 -0.795397 -2.41998 0 
0.281391 2.53602 -23.0699 -3.49328 -0.00327385 -3.65304 -0.793725 -2.53602 0 
0.216892 3.05671 -23.0657 -3.49946 -0.0022119 -3.64986 -0.794014 -3.05671 0 
0.23408 2.90419 -23.0665 -3.49872 -0.000322213 -3.65061 -0.795627 -2.90419 0 
0.564333 2.53052 -23.0656 -3.49458 -0.00151983 -3.65236 -0.793034 -2.53052 0 
0.337945 2.16974 -23.0666 -3.49048 -0.00149047 -3.65765 -0.790495 -2.16974 0 
0.230513 2.93489 -23.0635 -3.49833 -0.00298427 -3.65361 -0.791723 -2.93489 0 
0.220944 3.01969 -23.0622 -3.49992 -0.00172273 -3.65154 -0.790615 -3.01969 0 
0.237957 2.87133 -23.0647 -3.49809 -0.00194073 -3.65489 -0.788525 -2.87133 0 
0.199109 3.22781 -23.062 -3.50134 -0.00315982 -3.65442 -0.786172 -3.22781 0 
0.17565 3.47853 -23.063 -3.50413 -0.00133381 -3.65012 -0.79045 -3.47853 0 
0.151514 3.77416 -23.0588 -3.50784 -0.00020053 -3.65158 -0.789028 -3.77416 0 
0.118102 4.27241 -23.055 -3.51211 -0.00106326 -3.64937 -0.786914 -4.27241 0 
0.116957 4.2919 -23.054 -3.51185 -0.00251239 -3.64412 -0.783624 -4.2919 0 
0.133798 4.02285 -23.0559 -3.5085 -0.00453842 -3.6452 -0.783076 -4.02285 0 
0.125885 4.14478 -23.0541 -3.51028 -0.00339837 -3.64147 -0.782732 -4.14478 0 
0.142654 3.89467 -23.0572 -3.50762 -0.00371455 -3.64227 -0.782912 -3.89467 0 
0.16313 3.62642 -23.0589 -3.50513 -0.00363671 -3.63992 -0.784187 -3.62642 0 
0.0555014 5.78269 -23.0596 -3.50146 -0.00481332 -3.64228 -0.783408 -5.78269 0 
0.182616 3.40074 -23.0559 -3.50207 -0.00708789 -3.63926 -0.782995 -3.40074 0 
0.165408 3.59868 -23.0552 -3.50358 -0.00788762 -3.63907 -0.781646 -3.59868 0 
0.0518973 5.91698 -23.0561 -3.50491 -0.00506462 -3.63946 -0.783416 -5.91698 0 
0.157521 3.69639 -23.0547 -3.50592 -0.00457312 -3.63869 -0.7849 -3.69639 0 
0.162988 3.62816 -23.0589 -3.50477 -0.00422362 -3.63992 -0.788633 -3.62816 0 
0.146891 3.83613 -23.0597 -3.50571 -0.00558328 -3.64044 -0.791019 -3.83613 0 
0.131317 4.06028 -23.0565 -3.50788 -0.00604196 -3.63833 -0.788652 -4.06028 0 
0.204171 3.17759 -23.0597 -3.49951 -0.00677286 -3.64714 -0.788489 -3.17759 0 
0.215228 3.07211 -23.061 -3.49873 -0.00605006 -3.64924 -0.786085 -3.07211 0 
0.183419 3.39197 -23.0553 -3.50273 -0.00545168 -3.64944 -0.786665 -3.39197 0 
0.176613 3.46758 -23.0526 -3.50344 -0.0063259 -3.64779 -0.783908 -3.46758 0 
0.194363 3.27605 -23.0517 -3.50096 -0.00821983 -3.64806 -0.78306 -3.27605 0 
0.152762 3.75775 -23.0448 -3.50657 -0.00732445 -3.64625 -0.784048 -3.75775 0 
0.134239 4.01626 -23.0425 -3.5093 -0.00682087 -3.64275 -0.784657 -4.01626 0 
0.161525 3.64619 -23.0468 -3.50626 -0.005151 -3.64112 -0.786175 -3.64619 0 
0.201976 3.19921 -23.0468 -3.50186 -0.00570079 -3.64459 -0.784961 -3.19921 0 
0.389582 3.27165 -23.0452 -3.50284 -0.00541787 -3.64725 -0.785224 -3.27165 0 
0.15186 3.7696 -23.0421 -3.50821 -0.00440104 -3.64312 -0.788159 -3.7696 0 
0.227476 2.96142 -23.0458 -3.50001 -0.00469602 -3.64755 -0.78329 -2.96142 0 
0.228368 2.95359 -23.0437 -3.50002 -0.00474626 -3.65078 -0.785082 -2.95359 0 
0.286259 2.50171 -23.0484 -3.49542 -0.00278677 -3.64945 -0.784867 -2.50171 0 
0.359601 2.04552 -23.0526 -3.49023 -0.000405476 -3.65726 -0.78515 -2.04552 0 
0.389458 1.886 -23.0544 -3.48759 -0.00101691 -3.65905 -0.783231 -1.886 0 
0.782697 1.87631 -23.0547 -3.48761 -0.000427882 -3.65993 -0.785412 -1.87631 0 
0.41215 1.77273 -23.0545 -3.48567 -0.0012141 -3.65963 -0.781807 -1.77273 0 
0.77218 1.90337 -23.0536 -3.48819 -0.000537368 -3.66307 -0.779624 -1.90337 0 
0.852546 1.70535 -23.0575 -3.48488 -0.00104206 -3.66528 -0.776604 -1.70535 0 
0.368475 1.99676 -23.0519 -3.48981 -0.000442309 -3.66463 -0.775442 -1.99676 0 
0.353589 2.07924 -23.05 -3.49069 -0.00133869 -3.66109 -0.774464 -2.07924 0 
0.742785 1.98099 -23.0477 -3.48842 -0.00315306 -3.66363 -0.77199 -1.98099 0 
0.400255 1.83131 -23.0484 -3.48561 -0.00383407 -3.66696 -0.771233 -1.83131 0 
0.373288 1.97081 -23.0447 -3.48784 -0.00363855 -3.66745 -0.77251 -1.97081 0 
0.348558 2.1079 -23.0401 -3.48984 -0.00377195 -3.66752 -0.770617 -2.1079 0 
0.376081 1.9559 -23.0426 -3.48783 -0.00259605 -3.67145 -0.771961 -1.9559 0 
0.354249 2.07551 -23.0448 -3.49083 -0.00053737 -3.66552 -0.774846 -2.07551 0 
0.309533 2.34538 -23.0458 -3.49488 -0.000235181 -3.66208 -0.776607 -2.34538 0 
0.317809 2.29261 -23.0426 -3.49347 -0.00199651 -3.66545 -0.773976 -2.29261 0 
0.337077 2.17489 -23.0411 -3.4911 -0.00345754 -3.66083 -0.771668 -2.17489 0 
0.349477 2.10264 -23.0408 -3.49021 -0.00297289 -3.6589 -0.769083 -2.10264 0 
0.334416 2.19074 -23.04 -3.49154 -0.00315708 -3.65526 -0.768401 -2.19074 0 
0.304073 2.38097 -23.0403 -3.49401 -0.00373364 -3.64846 -0.771997 -2.38097 0 
0.393475 1.86547 -23.0477 -3.4871 -0.00149517 -3.65051 -0.772857 -1.86547 0 
0.389502 1.88577 -23.0461 -3.48731 -0.0018203 -3.65483 -0.769947 -1.88577 0 
0.369222 1.99272 -23.0438 -3.48887 -0.00238627 -3.65439 -0.767445 -1.99272 0 
0.339518 2.16046 -23.0452 -3.49174 -0.00215773 -3.65726 -0.767321 -2.16046 0 
0.321334 2.27055 -23.0438 -3.4934 -0.00220046 -3.66027 -0.764768 -2.27055 0 
1.27011 2.29439 -23.044 -3.49453 -0.000257802 -3.66097 -0.766161 -2.29439 0 
0.255254 2.73099 -23.0405 -3.49965 -0.00157284 -3.65859 -0.766514 -2.73099 0 
0.419527 3.12355 -23.04 -3.50382 -0.00212492 -3.65668 -0.766098 -3.12355 0 
0.171869 3.52204 -23.039 -3.5086 -0.000518377 -3.65657 -0.766076 -3.52204 0 
0.321672 3.65474 -23.0379 -3.50971 -0.00102174 -3.65427 -0.767095 -3.65474 0 
0.157851 3.69221 -23.0351 -3.51019 -0.00143906 -3.65459 -0.765224 -3.69221 0 
0.525974 3.48223 -23.0373 -3.50823 -0.00103196 -3.65994 -0.763146 -3.48223 0 
0.197357 3.24548 -23.0364 -3.50538 -0.00257584 -3.66024 -0.758568 -3.24548 0 
0.184532 3.37987 -23.0359 -3.50662 -0.00319624 -3.66389 -0.754857 -3.37987 0 
0.187124 3.35197 -23.0344 -3.5064 -0.00329905 -3.66554 -0.755036 -3.35197 0 
0.0532585 5.8652 -23.0346 -3.50632 -0.00452092 -3.66201 -0.755067 -5.8652 0 
0.218957 3.03776 -23.034 -3.50254 -0.00483445 -3.6614 -0.750456 -3.03776 0 
0.162678 3.63197 -23.0335 -3.50842 -0.00531726 -3.65958 -0.75216 -3.63197 0 
0.164769 3.60642 -23.0358 -3.50795 -0.00536697 -3.6579 -0.751999 -3.60642 0 
0.202885 3.19023 -23.0359 -3.50353 -0.00580261 -3.65689 -0.754736 -3.19023 0 
0.43066 3.07117 -23.0375 -3.50166 -0.00694351 -3.65713 -0.754245 -3.07117 0 
0.217841 3.04798 -23.038 -3.50105 -0.00766725 -3.65818 -0.754864 -3.04798 0 
0.223465 2.997 -23.0408 -3.50006 -0.00826562 -3.65696 -0.75408 -2.997 0 
0.2569 2.71814 -23.045 -3.49649 -0.00866326 -3.65522 -0.754833 -2.71814 0 
0.0871911 4.87931 -23.047 -3.49453 -0.00855898 -3.65026 -0.75651 -4.87931 0 
0.0784655 5.09019 -23.0471 -3.49305 -0.0102555 -3.65282 -0.756268 -5.09019 0 
0.302878 2.38885 -23.0459 -3.49267 -0.00798259 -3.65328 -0.757812 -2.38885 0 
0.30109 2.40069 -23.046 -3.49222 -0.00937511 -3.65173 -0.757544 -2.40069 0 
0.322922 2.26069 -23.0481 -3.49151 -0.00666189 -3.65741 -0.757576 -2.26069 0 
0.428951 1.69283 -23.0518 -3.48217 -0.00758424 -3.65888 -0.759517 -1.69283 0 
0.492475 1.41662 -23.056 -3.47615 -0.00888084 -3.65842 -0.759857 -1.41662 0 
1.34163 1.60945 -23.0533 -3.48017 -0.00888727 -3.65812 -0.758217 -1.60945 0 
0.436363 1.65856 -23.0511 -3.48075 -0.00904399 -3.65633 -0.761036 -1.65856 0 
0.402148 1.82187 -23.0478 -3.48397 -0.00829056 -3.65376 -0.759353 -1.82187 0 
0.443869 1.62445 -23.0526 -3.48012 -0.00915924 -3.65121 -0.762178 -1.62445 0 
0.859719 1.68859 -23.0533 -3.48181 -0.00818124 -3.64964 -0.762945 -1.68859 0 
0.393671 1.86448 -23.0526 -3.48412 -0.00992448 -3.6534 -0.761563 -1.86448 0 
0.346523 2.11961 -23.0506 -3.48829 -0.00918419 -3.6576 -0.761017 -2.11961 0 
0.375794 1.95743 -23.0503 -3.48516 -0.0111001 -3.65642 -0.758651 -1.95743 0 
0.460769 1.54972 -23.0539 -3.47894 -0.00884433 -3.66111 -0.759705 -1.54972 0 
0.50628 1.36133 -23.0567 -3.47469 -0.00948754 -3.66225 -0.757646 -1.36133 0 
