0.887675 0.238299 -23.1769 -3.43163 -0.00376801 -3.67093 -0.910423 -0.238299 0 
0.863013 0.294651 -23.1813 -3.43218 -0.00535506 -3.67211 -0.908847 -0.294651 0 
0.889497 0.234197 -23.1759 -3.4314 -0.00443251 -3.6711 -0.912256 -0.234197 0 
1.72234 0.298927 -23.1858 -3.43031 -0.00545454 -3.67788 -0.907284 -0.298927 0 
0.745394 0.587684 -23.1985 -3.43151 -0.00946719 -3.6803 -0.905399 -0.587684 0 
0.649565 0.862904 -23.2039 -3.4325 -0.0133903 -3.68277 -0.904057 -0.862904 0 
0.680673 0.769346 -23.2075 -3.42976 -0.0124208 -3.6934 -0.896797 -0.769346 0 
0.621912 0.949914 -23.2111 -3.42856 -0.0179048 -3.69108 -0.900723 -0.949914 0 
0.639627 0.893739 -23.2128 -3.42729 -0.0170954 -3.6898 -0.900367 -0.893739 0 
0.705033 0.699021 -23.2032 -3.43004 -0.0129796 -3.68476 -0.905577 -0.699021 0 
0.606177 1.00117 -23.2085 -3.43082 -0.0173108 -3.67788 -0.90878 -1.00117 0 
0.643027 0.883137 -23.2028 -3.43071 -0.018465 -3.67545 -0.909041 -0.883137 0 
0.635827 0.905656 -23.2012 -3.43029 -0.0213238 -3.67169 -0.90905 -0.905656 0 
0.641112 0.889102 -23.1977 -3.4317 -0.020787 -3.67526 -0.910002 -0.889102 0 
0.712358 0.67835 -23.1919 -3.43215 -0.0172025 -3.67529 -0.911915 -0.67835 0 
0.800242 0.445682 -23.1896 -3.4286 -0.0156563 -3.6805 -0.906556 -0.445682 0 
1.56628 0.488894 -23.188 -3.43068 -0.0151123 -3.68185 -0.908144 -0.488894 0 
0.816778 0.404776 -23.1874 -3.42841 -0.0155346 -3.68061 -0.907209 -0.404776 0 
0.816725 0.404905 -23.1842 -3.43023 -0.0145567 -3.68378 -0.906616 -0.404905 0 
0.770006 0.522713 -23.1873 -3.43137 -0.0159375 -3.68443 -0.907063 -0.522713 0 
0.789688 0.472234 -23.1839 -3.43152 -0.0158646 -3.67903 -0.911556 -0.472234 0 
0.745092 0.588495 -23.1873 -3.43243 -0.0166837 -3.68158 -0.911812 -0.588495 0 
0.710017 0.684933 -23.1876 -3.43339 -0.0182797 -3.67731 -0.916121 -0.684933 0 
0.67841 0.776006 -23.1858 -3.43607 -0.0174191 -3.67835 -0.91546 -0.776006 0 
0.646868 0.871226 -23.1853 -3.43755 -0.0179071 -3.67601 -0.915219 -0.871226 0 
0.702594 0.705952 -23.1838 -3.43648 -0.0156764 -3.67802 -0.914988 -0.705952 0 
0.709518 0.686339 -23.1857 -3.43581 -0.0149124 -3.67831 -0.911392 -0.686339 0 
0.685652 0.754769 -23.1827 -3.43774 -0.0156221 -3.67477 -0.912421 -0.754769 0 
0.618284 0.961616 -23.1878 -3.43742 -0.0190964 -3.6791 -0.913222 -0.961616 0 
0.632473 0.916237 -23.184 -3.43951 -0.0162755 -3.678 -0.91565 -0.916237 0 
0.633315 0.913574 -23.1819 -3.44017 -0.0163631 -3.67994 -0.912696 -0.913574 0 
0.592022 1.04842 -23.1829 -3.4414 -0.0170511 -3.67917 -0.912954 -1.04842 0 
0.558615 1.16459 -23.1873 -3.44068 -0.0184421 -3.67769 -0.91249 -1.16459 0 
0.520947 1.30422 -23.1899 -3.44161 -0.018245 -3.6745 -0.914426 -1.30422 0 
0.557831 1.1674 -23.1928 -3.43863 -0.0186234 -3.67129 -0.917261 -1.1674 0 
0.552626 1.18615 -23.1899 -3.44081 -0.0168687 -3.67293 -0.915287 -1.18615 0 
0.944559 1.50037 -23.1897 -3.445 -0.0160961 -3.66886 -0.917822 -1.50037 0 
0.497397 1.39673 -23.1901 -3.44489 -0.0136661 -3.66966 -0.917498 -1.39673 0 
0.514646 1.32855 -23.1917 -3.44292 -0.0148301 -3.66936 -0.916893 -1.32855 0 
0.476938 1.48074 -23.1884 -3.44469 -0.0171331 -3.65972 -0.922249 -1.48074 0 
0.470918 1.50614 -23.185 -3.44646 -0.0165247 -3.65974 -0.92336 -1.50614 0 
0.492067 1.41828 -23.1824 -3.44728 -0.0146411 -3.66046 -0.924118 -1.41828 0 
0.473641 1.49461 -23.1818 -3.44851 -0.0143124 -3.66005 -0.922822 -1.49461 0 
0.465911 1.52752 -23.1828 -3.44824 -0.0149387 -3.66446 -0.920833 -1.52752 0 
0.332582 2.20174 -23.1925 -3.44898 -0.0201614 -3.66427 -0.923556 -2.20174 0 
0.227241 2.96349 -23.2016 -3.45067 -0.023245 -3.66417 -0.922018 -2.96349 0 
0.426151 3.09222 -23.2021 -3.45152 -0.0232004 -3.66355 -0.924447 -3.09222 0 
0.205886 3.16086 -23.2002 -3.45306 -0.0224943 -3.66212 -0.929531 -3.16086 0 
0.147532 3.82742 -23.2107 -3.45236 -0.0261542 -3.66946 -0.924103 -3.82742 0 
0.194454 3.27512 -23.2084 -3.44979 -0.0249928 -3.67571 -0.921204 -3.27512 0 
0.167568 3.57273 -23.2129 -3.44927 -0.0270805 -3.67031 -0.926704 -3.57273 0 
0.124114 4.1731 -23.2192 -3.4506 -0.0281945 -3.67189 -0.921913 -4.1731 0 
0.109457 4.42445 -23.2224 -3.45184 -0.0267414 -3.6727 -0.921212 -4.42445 0 
0.152825 3.75692 -23.218 -3.44876 -0.0270329 -3.67283 -0.923999 -3.75692 0 
0.207606 3.14422 -23.2096 -3.4487 -0.0242481 -3.67172 -0.922406 -3.14422 0 
0.278353 2.55773 -23.1989 -3.45046 -0.0189248 -3.66812 -0.927933 -2.55773 0 
0.213811 3.08532 -23.2035 -3.45222 -0.0206603 -3.66341 -0.928977 -3.08532 0 
0.255638 2.72799 -23.196 -3.45414 -0.016404 -3.65983 -0.93006 -2.72799 0 
0.267566 2.63678 -23.1973 -3.45235 -0.0175574 -3.66593 -0.927965 -2.63678 0 
0.315487 2.30727 -23.1955 -3.45043 -0.0171108 -3.67045 -0.922409 -2.30727 0 
0.225718 2.97694 -23.1968 -3.4549 -0.0183379 -3.66687 -0.92841 -2.97694 0 
0.189576 3.32593 -23.2021 -3.4532 -0.0233631 -3.6665 -0.92941 -3.32593 0 
0.227064 2.96505 -23.1995 -3.45258 -0.0208281 -3.66157 -0.932993 -2.96505 0 
0.234335 2.90201 -23.2011 -3.45171 -0.0205003 -3.667 -0.930326 -2.90201 0 
0.252065 2.75614 -23.2024 -3.45093 -0.0188073 -3.67494 -0.926403 -2.75614 0 
0.330987 2.21135 -23.2016 -3.44835 -0.0151412 -3.68352 -0.921836 -2.21135 0 
0.347824 2.11212 -23.2022 -3.44763 -0.014335 -3.68852 -0.918287 -2.11212 0 
0.391521 1.87543 -23.1967 -3.44843 -0.0121133 -3.68996 -0.918816 -1.87543 0 
0.82027 1.78254 -23.1973 -3.44778 -0.0111266 -3.69041 -0.916735 -1.78254 0 
0.305633 2.37074 -23.2045 -3.44918 -0.0142797 -3.68993 -0.917939 -2.37074 0 
0.373669 1.96877 -23.1999 -3.44923 -0.0100547 -3.69822 -0.912244 -1.96877 0 
0.42399 1.71609 -23.2023 -3.44617 -0.0093684 -3.70698 -0.906764 -1.71609 0 
0.38163 1.92661 -23.2025 -3.44854 -0.00873382 -3.69908 -0.912833 -1.92661 0 
0.386096 1.90334 -23.2021 -3.4486 -0.00847063 -3.69707 -0.914483 -1.90334 0 
0.776841 1.89133 -23.2067 -3.44549 -0.0110439 -3.6964 -0.915474 -1.89133 0 
0.479126 1.47158 -23.2031 -3.44367 -0.00833463 -3.69957 -0.913799 -1.47158 0 
0.486709 1.44018 -23.2022 -3.44319 -0.00924308 -3.69743 -0.914857 -1.44018 0 
0.572638 1.115 -23.2005 -3.44102 -0.00675346 -3.70005 -0.912967 -1.115 0 
0.449064 1.60118 -23.2085 -3.44088 -0.0127419 -3.697 -0.91487 -1.60118 0 
0.338909 2.16405 -23.219 -3.44036 -0.0172072 -3.69803 -0.914373 -2.16405 0 
0.443124 1.62781 -23.215 -3.43801 -0.0139989 -3.69873 -0.912134 -1.62781 0 
0.407792 1.794 -23.2111 -3.4415 -0.0136579 -3.68955 -0.916993 -1.794 0 
0.417036 1.74917 -23.2061 -3.44421 -0.0111105 -3.68942 -0.914451 -1.74917 0 
0.446406 1.61305 -23.2122 -3.44028 -0.0113721 -3.6961 -0.911865 -1.61305 0 
0.407944 1.79325 -23.209 -3.4436 -0.0110497 -3.69466 -0.910833 -1.79325 0 
0.377874 1.94639 -23.2107 -3.44452 -0.0110809 -3.69428 -0.911373 -1.94639 0 
0.278974 2.55328 -23.2217 -3.44395 -0.01509 -3.69155 -0.911089 -2.55328 0 
0.268869 2.62706 -23.2227 -3.44323 -0.0170006 -3.6874 -0.910993 -2.62706 0 
0.367477 2.00219 -23.2137 -3.44283 -0.0132217 -3.68226 -0.916104 -2.00219 0 
0.440918 1.63779 -23.2132 -3.43964 -0.0123587 -3.69231 -0.912222 -1.63779 0 
0.435871 1.66082 -23.2153 -3.438 -0.0144786 -3.69588 -0.911032 -1.66082 0 
0.427041 1.70175 -23.2172 -3.43637 -0.0171216 -3.694 -0.912612 -1.70175 0 
0.454406 1.57753 -23.2164 -3.43686 -0.0139837 -3.69779 -0.910963 -1.57753 0 
0.426791 1.70292 -23.2191 -3.43718 -0.0140415 -3.69515 -0.911524 -1.70292 0 
0.335945 2.18161 -23.2262 -3.43601 -0.0204331 -3.69102 -0.912414 -2.18161 0 
0.49062 1.42417 -23.2165 -3.43343 -0.0171205 -3.69567 -0.911465 -1.42417 0 
0.612748 0.979604 -23.2123 -3.43096 -0.0132666 -3.69948 -0.907212 -0.979604 0 
0.581945 1.08276 -23.2136 -3.4316 -0.0140264 -3.70134 -0.906966 -1.08276 0 
0.556205 1.17324 -23.2156 -3.43293 -0.0122916 -3.70512 -0.903478 -1.17324 0 
0.615635 0.970202 -23.2135 -3.43251 -0.00888826 -3.71121 -0.901061 -0.970202 0 
0.670631 0.799073 -23.2119 -3.43034 -0.00869883 -3.71127 -0.902889 -0.799073 0 
0.532727 1.25949 -23.2188 -3.43224 -0.01335 -3.70585 -0.90538 -1.25949 0 
0.396837 1.84846 -23.2262 -3.43442 -0.0168426 -3.69762 -0.903516 -1.84846 0 
0.410855 1.77903 -23.225 -3.4349 -0.0153984 -3.70715 -0.899229 -1.77903 0 
0.436121 1.65967 -23.2196 -3.43622 -0.014585 -3.70201 -0.906096 -1.65967 0 
0.486196 1.44229 -23.2142 -3.43629 -0.0137077 -3.70571 -0.903546 -1.44229 0 
0.515413 1.32557 -23.2111 -3.43714 -0.0116555 -3.71117 -0.902409 -1.32557 0 
0.545012 1.2139 -23.2049 -3.44005 -0.00791349 -3.70526 -0.910882 -1.2139 0 
0.512027 1.33875 -23.208 -3.43935 -0.0100414 -3.70683 -0.906358 -1.33875 0 
0.54363 1.21897 -23.2065 -3.43852 -0.00986066 -3.70664 -0.904354 -1.21897 0 
0.462351 1.54286 -23.2114 -3.43864 -0.0136306 -3.70537 -0.902993 -1.54286 0 
0.435172 1.66403 -23.2109 -3.43984 -0.0143599 -3.70745 -0.901151 -1.66403 0 
0.418801 1.74072 -23.2128 -3.43912 -0.0159648 -3.70365 -0.90467 -1.74072 0 
0.523981 1.2926 -23.2027 -3.43927 -0.0131613 -3.70446 -0.905917 -1.2926 0 
0.429701 1.68933 -23.2125 -3.43801 -0.0173297 -3.70614 -0.904409 -1.68933 0 
0.391863 1.87369 -23.2179 -3.43855 -0.0159222 -3.71332 -0.89881 -1.87369 0 
0.318429 2.28871 -23.2229 -3.43934 -0.0185148 -3.71548 -0.896826 -2.28871 0 
0.420754 1.73142 -23.2172 -3.43598 -0.0185482 -3.71721 -0.895971 -1.73142 0 
0.837509 1.74094 -23.2151 -3.43671 -0.0189697 -3.71406 -0.896959 -1.74094 0 
0.836259 1.74393 -23.2136 -3.43733 -0.0189569 -3.71211 -0.899109 -1.74393 0 
0.429137 1.69196 -23.2125 -3.43772 -0.0179092 -3.71623 -0.896464 -1.69196 0 
0.634 0.911413 -23.2005 -3.43553 -0.0117102 -3.72267 -0.892668 -0.911413 0 
0.587701 1.06308 -23.2018 -3.43577 -0.0147281 -3.7183 -0.891879 -1.06308 0 
0.629072 0.927018 -23.1998 -3.43625 -0.0113318 -3.72397 -0.886424 -0.927018 0 
0.526251 1.28396 -23.2069 -3.43654 -0.0151243 -3.72339 -0.88807 -1.28396 0 
0.472746 1.49839 -23.2098 -3.43655 -0.0180023 -3.72473 -0.887596 -1.49839 0 
0.989875 1.40665 -23.2106 -3.43629 -0.0157313 -3.73066 -0.884597 -1.40665 0 
0.4818 1.46045 -23.2113 -3.43685 -0.0153432 -3.72041 -0.889744 -1.46045 0 
0.649685 0.862536 -23.2066 -3.43054 -0.0149172 -3.72554 -0.887268 -0.862536 0 
0.671027 0.797891 -23.2061 -3.42931 -0.0153701 -3.73 -0.883399 -0.797891 0 
0.607811 0.995783 -23.2104 -3.42905 -0.0188651 -3.72699 -0.880859 -0.995783 0 
0.58542 1.07085 -23.2146 -3.42732 -0.0208846 -3.72772 -0.877084 -1.07085 0 
0.655147 0.845791 -23.2094 -3.42855 -0.0156539 -3.72733 -0.87847 -0.845791 0 
0.633393 0.913327 -23.212 -3.42918 -0.0145583 -3.71911 -0.878211 -0.913327 0 
0.582237 1.08175 -23.213 -3.43166 -0.0141738 -3.7098 -0.880333 -1.08175 0 
0.732587 0.622346 -23.2057 -3.4284 -0.0103245 -3.71691 -0.874313 -0.622346 0 
0.758789 0.552062 -23.2032 -3.42862 -0.00869983 -3.72385 -0.869238 -0.552062 0 
0.664434 0.817639 -23.2088 -3.4303 -0.0116324 -3.71935 -0.865191 -0.817639 0 
0.696151 0.724377 -23.2075 -3.42977 -0.010242 -3.71937 -0.864229 -0.724377 0 
0.756461 0.558209 -23.2015 -3.4306 -0.00666325 -3.72437 -0.860765 -0.558209 0 
0.704511 0.700504 -23.2075 -3.43019 -0.00845736 -3.72544 -0.861641 -0.700504 0 
0.667171 0.809418 -23.2077 -3.43151 -0.00994044 -3.72883 -0.861152 -0.809418 0 
1.38869 0.729568 -23.2071 -3.42963 -0.0110047 -3.72921 -0.858571 -0.729568 0 
0.666167 0.81243 -23.2129 -3.42599 -0.0156946 -3.73732 -0.853655 -0.81243 0 
0.729131 0.631803 -23.2089 -3.4248 -0.0137702 -3.73851 -0.851608 -0.631803 0 
0.705415 0.697938 -23.207 -3.42803 -0.0126172 -3.73646 -0.849646 -0.697938 0 
0.727955 0.635033 -23.2096 -3.42591 -0.0110134 -3.74546 -0.844575 -0.635033 0 
0.694344 0.729576 -23.213 -3.42411 -0.0151877 -3.75153 -0.838283 -0.729576 0 
0.707696 0.691482 -23.2135 -3.4239 -0.0130291 -3.76086 -0.832108 -0.691482 0 
0.75159 0.571127 -23.2124 -3.42126 -0.0118017 -3.76615 -0.831147 -0.571127 0 
0.785032 0.484061 -23.2098 -3.41968 -0.00922491 -3.77306 -0.82623 -0.484061 0 
0.804623 0.434763 -23.2058 -3.41893 -0.00931527 -3.77594 -0.826956 -0.434763 0 
0.827266 0.379259 -23.1968 -3.41853 -0.00508875 -3.77483 -0.832225 -0.379259 0 
0.838671 0.351873 -23.1977 -3.42088 -0.00671798 -3.76964 -0.838715 -0.351873 0 
0.820642 0.395336 -23.2021 -3.42194 -0.00813946 -3.7662 -0.840593 -0.395336 0 
0.819999 0.396905 -23.2032 -3.42004 -0.00890241 -3.76517 -0.840789 -0.396905 0 
0.835737 0.358883 -23.199 -3.42027 -0.00469113 -3.76957 -0.841718 -0.358883 0 
0.841184 0.345891 -23.1935 -3.42064 -0.0021524 -3.77018 -0.842176 -0.345891 0 
0.850578 0.323679 -23.1932 -3.42193 -0.00334282 -3.76402 -0.842393 -0.323679 0 
0.830942 0.370392 -23.2006 -3.42114 -0.00646724 -3.76657 -0.840015 -0.370392 0 
0.829346 0.374236 -23.2009 -3.4197 -0.00763895 -3.76497 -0.840997 -0.374236 0 
0.816882 0.40452 -23.2042 -3.41907 -0.00953338 -3.76248 -0.841288 -0.40452 0 
0.834607 0.361588 -23.1992 -3.4198 -0.00676766 -3.76093 -0.841723 -0.361588 0 
0.827586 0.378485 -23.2002 -3.4179 -0.00744051 -3.76121 -0.842003 -0.378485 0 
0.833376 0.36454 -23.1985 -3.41869 -0.00716067 -3.76232 -0.841978 -0.36454 0 
0.771473 0.518908 -23.2088 -3.42115 -0.013084 -3.75911 -0.840883 -0.518908 0 
0.699122 0.715859 -23.2171 -3.42095 -0.0159809 -3.76151 -0.836182 -0.715859 0 
0.63216 0.917227 -23.2238 -3.41952 -0.0209123 -3.75911 -0.840985 -0.917227 0 
0.716137 0.667768 -23.2153 -3.4193 -0.0186227 -3.7569 -0.843086 -0.667768 0 
0.749478 0.576756 -23.2134 -3.41779 -0.0176244 -3.75444 -0.842499 -0.576756 0 
0.759552 0.550054 -23.2124 -3.4175 -0.0173458 -3.75828 -0.84335 -0.550054 0 
0.773621 0.513347 -23.2103 -3.41731 -0.0171934 -3.75771 -0.842114 -0.513347 0 
0.718741 0.660508 -23.2137 -3.41942 -0.0195377 -3.76267 -0.839574 -0.660508 0 
0.739056 0.604762 -23.2118 -3.42084 -0.0162414 -3.75673 -0.844336 -0.604762 0 
0.753551 0.565917 -23.2144 -3.41749 -0.0161332 -3.75675 -0.843519 -0.565917 0 
0.748976 0.578097 -23.2171 -3.41628 -0.0154759 -3.75645 -0.842799 -0.578097 0 
0.732938 0.621389 -23.2173 -3.41778 -0.0163248 -3.75024 -0.845618 -0.621389 0 
0.73571 0.613839 -23.2191 -3.41633 -0.0158136 -3.75399 -0.844513 -0.613839 0 
0.72719 0.637136 -23.2174 -3.41921 -0.0146748 -3.75685 -0.843259 -0.637136 0 
0.812296 0.41578 -23.2057 -3.41708 -0.0097596 -3.76231 -0.842161 -0.41578 0 
0.820714 0.39516 -23.2011 -3.41618 -0.00861354 -3.76025 -0.843992 -0.39516 0 
0.821284 0.393773 -23.1944 -3.41574 -0.00758787 -3.75554 -0.849313 -0.393773 0 
0.752454 0.56883 -23.1915 -3.41134 -0.00707923 -3.76298 -0.846738 -0.56883 0 
1.55847 0.498885 -23.1922 -3.41333 -0.00584213 -3.75833 -0.849878 -0.498885 0 
0.806834 0.429274 -23.195 -3.41357 -0.00905977 -3.75727 -0.853244 -0.429274 0 
0.819859 0.397245 -23.2043 -3.4165 -0.0104887 -3.75735 -0.851945 -0.397245 0 
0.819074 0.399161 -23.2049 -3.41693 -0.00953788 -3.75653 -0.851991 -0.399161 0 
0.805146 0.433463 -23.2087 -3.4155 -0.0109409 -3.75293 -0.851615 -0.433463 0 
0.803177 0.43836 -23.2092 -3.41547 -0.012069 -3.75009 -0.852634 -0.43836 0 
0.816876 0.404536 -23.2031 -3.41412 -0.0110381 -3.74445 -0.857124 -0.404536 0 
0.810107 0.421178 -23.2028 -3.41287 -0.0119632 -3.75025 -0.854055 -0.421178 0 
0.762693 0.5418 -23.1972 -3.40919 -0.0111194 -3.75087 -0.852819 -0.5418 0 
0.778567 0.500601 -23.1972 -3.40926 -0.013305 -3.75129 -0.85563 -0.500601 0 
0.702061 0.707469 -23.1895 -3.40746 -0.010063 -3.75219 -0.855539 -0.707469 0 
0.747933 0.580883 -23.1894 -3.40923 -0.0113361 -3.74772 -0.858092 -0.580883 0 
0.732769 0.621849 -23.1905 -3.40866 -0.0106608 -3.74674 -0.852529 -0.621849 0 
0.704837 0.699576 -23.19 -3.40683 -0.0118475 -3.74759 -0.850048 -0.699576 0 
0.758258 0.553464 -23.195 -3.40678 -0.0167185 -3.74555 -0.852651 -0.553464 0 
0.788958 0.474084 -23.191 -3.40921 -0.0166869 -3.73803 -0.856916 -0.474084 0 
0.821592 0.393023 -23.1951 -3.41046 -0.019286 -3.73459 -0.862562 -0.393023 0 
0.824266 0.386524 -23.1968 -3.40923 -0.0241045 -3.73014 -0.862379 -0.386524 0 
0.821607 0.392987 -23.201 -3.41076 -0.0242837 -3.7316 -0.861131 -0.392987 0 
0.814193 0.411116 -23.203 -3.41181 -0.0243779 -3.73912 -0.857864 -0.411116 0 
0.801841 0.44169 -23.2056 -3.41303 -0.0234027 -3.74127 -0.854128 -0.44169 0 
0.813059 0.413904 -23.2033 -3.41206 -0.022561 -3.74286 -0.852845 -0.413904 0 
0.832531 0.36657 -23.1956 -3.4124 -0.0206652 -3.74077 -0.853153 -0.36657 0 
0.836556 0.356923 -23.1958 -3.41371 -0.0227599 -3.74055 -0.853997 -0.356923 0 
0.841535 0.345055 -23.1912 -3.41319 -0.0208793 -3.74008 -0.851179 -0.345055 0 
0.826506 0.381096 -23.1883 -3.41086 -0.0212753 -3.74674 -0.852839 -0.381096 0 
0.807873 0.426702 -23.1805 -3.41177 -0.0180477 -3.75241 -0.850078 -0.426702 0 
0.782265 0.491124 -23.183 -3.40943 -0.0186237 -3.76087 -0.849227 -0.491124 0 
0.77652 0.505866 -23.1833 -3.40773 -0.0215433 -3.76312 -0.849403 -0.505866 0 
0.77107 0.519951 -23.1816 -3.407 -0.0231144 -3.7622 -0.850408 -0.519951 0 
0.685447 0.755367 -23.1756 -3.40451 -0.021879 -3.76337 -0.848004 -0.755367 0 
0.656932 0.840348 -23.1749 -3.40334 -0.0218245 -3.76237 -0.851259 -0.840348 0 
0.647465 0.869382 -23.1759 -3.40268 -0.021733 -3.75928 -0.85338 -0.869382 0 
0.573941 1.11046 -23.172 -3.4023 -0.0180368 -3.76163 -0.853676 -1.11046 0 
0.539199 1.23534 -23.1685 -3.40309 -0.0152268 -3.75423 -0.855323 -1.23534 0 
0.60938 0.990625 -23.1727 -3.40334 -0.0185831 -3.75462 -0.852089 -0.990625 0 
0.51768 1.3168 -23.1703 -3.40061 -0.0177435 -3.76037 -0.852324 -1.3168 0 
1.08527 1.22263 -23.17 -3.40133 -0.0184176 -3.75795 -0.855486 -1.22263 0 
1.16848 1.07489 -23.1756 -3.40136 -0.0189588 -3.76446 -0.854039 -1.07489 0 
0.449685 1.59841 -23.1695 -3.39888 -0.0162166 -3.77051 -0.845445 -1.59841 0 
0.3373 2.17356 -23.1614 -3.39807 -0.0124061 -3.77148 -0.845828 -2.17356 0 
0.313569 2.31947 -23.1593 -3.39784 -0.0119111 -3.77355 -0.843581 -2.31947 0 
0.32726 2.234 -23.1591 -3.39754 -0.0141399 -3.78138 -0.839487 -2.234 0 
0.262579 2.67441 -23.1563 -3.39601 -0.0123821 -3.78147 -0.839449 -2.67441 0 
0.393952 1.86305 -23.1603 -3.39831 -0.0178168 -3.77087 -0.846682 -1.86305 0 
0.405836 1.80361 -23.1629 -3.39828 -0.0173647 -3.7766 -0.846674 -1.80361 0 
0.385831 1.90471 -23.1625 -3.39668 -0.0191635 -3.77835 -0.848482 -1.90471 0 
0.364256 2.0198 -23.1633 -3.39501 -0.0202107 -3.77735 -0.849323 -2.0198 0 
0.526191 2.67048 -23.1535 -3.39512 -0.0156494 -3.77933 -0.851966 -2.67048 0 
0.321071 2.27219 -23.1599 -3.39523 -0.0174844 -3.77718 -0.852761 -2.27219 0 
0.425289 1.70997 -23.1654 -3.39635 -0.0214347 -3.775 -0.854851 -1.70997 0 
0.354753 2.07267 -23.1639 -3.39421 -0.0204825 -3.78059 -0.853973 -2.07267 0 
0.43023 1.68687 -23.1642 -3.39843 -0.0182168 -3.77694 -0.854823 -1.68687 0 
1.02781 1.33143 -23.1684 -3.4001 -0.0194597 -3.77417 -0.855791 -1.33143 0 
0.514953 1.32736 -23.164 -3.40163 -0.0186442 -3.77106 -0.861277 -1.32736 0 
0.455957 1.57072 -23.1634 -3.40003 -0.0173523 -3.76991 -0.860024 -1.57072 0 
0.401112 1.82703 -23.1632 -3.39952 -0.0138028 -3.77726 -0.856691 -1.82703 0 
0.453246 1.58264 -23.1678 -3.39961 -0.0155351 -3.77375 -0.856291 -1.58264 0 
0.352872 2.0833 -23.1608 -3.3997 -0.0105215 -3.77348 -0.85515 -2.0833 0 
0.450112 1.59652 -23.1637 -3.40181 -0.0129333 -3.7694 -0.858838 -1.59652 0 
0.432819 1.67487 -23.1611 -3.40205 -0.0124102 -3.76833 -0.861335 -1.67487 0 
0.399895 1.83311 -23.1622 -3.40034 -0.0124514 -3.77125 -0.861521 -1.83311 0 
0.474664 1.4903 -23.163 -3.40206 -0.0149385 -3.76879 -0.860245 -1.4903 0 
0.465073 1.53112 -23.1614 -3.4026 -0.0137647 -3.76874 -0.864746 -1.53112 0 
0.494512 1.40837 -23.1633 -3.40202 -0.0164258 -3.76696 -0.863164 -1.40837 0 
0.546281 1.20924 -23.1628 -3.40393 -0.0172125 -3.76619 -0.860538 -1.20924 0 
0.59658 1.03308 -23.1657 -3.40388 -0.0200778 -3.76975 -0.856694 -1.03308 0 
0.634875 0.908656 -23.1666 -3.40487 -0.0209151 -3.77484 -0.854576 -0.908656 0 
0.580084 1.08916 -23.1633 -3.40458 -0.0185912 -3.77149 -0.856771 -1.08916 0 
0.630812 0.921494 -23.1679 -3.40345 -0.0228292 -3.77264 -0.855349 -0.921494 0 
0.725164 0.642716 -23.1743 -3.40387 -0.0275713 -3.76778 -0.858687 -0.642716 0 
0.78107 0.49418 -23.1747 -3.40645 -0.0280757 -3.76409 -0.861264 -0.49418 0 
0.772356 0.51662 -23.1723 -3.40701 -0.0266589 -3.75647 -0.865912 -0.51662 0 
0.710921 0.682388 -23.1655 -3.40672 -0.0243498 -3.75653 -0.865502 -0.682388 0 
0.693914 0.730814 -23.1655 -3.40596 -0.0241079 -3.75583 -0.869899 -0.730814 0 
0.74169 0.597648 -23.1734 -3.40538 -0.0259356 -3.76055 -0.869032 -0.597648 0 
0.751181 0.572218 -23.169 -3.40752 -0.0246789 -3.75994 -0.869813 -0.572218 0 
0.831463 0.369137 -23.1744 -3.40922 -0.0287117 -3.75323 -0.872777 -0.369137 0 
0.762262 0.542931 -23.1678 -3.40849 -0.0242161 -3.75192 -0.87512 -0.542931 0 
0.756001 0.559425 -23.1678 -3.40932 -0.0217013 -3.74905 -0.876085 -0.559425 0 
0.775421 0.508699 -23.1681 -3.40982 -0.0224471 -3.73963 -0.881095 -0.508699 0 
0.783613 0.487681 -23.1723 -3.40856 -0.0239179 -3.73781 -0.880097 -0.487681 0 
0.809506 0.422663 -23.1753 -3.40897 -0.0247826 -3.73839 -0.882755 -0.422663 0 
0.816901 0.404475 -23.1732 -3.40942 -0.0257471 -3.73533 -0.884855 -0.404475 0 
0.790197 0.470945 -23.169 -3.40919 -0.0248815 -3.73373 -0.884545 -0.470945 0 
0.747897 0.580979 -23.1618 -3.40909 -0.0243397 -3.72966 -0.889417 -0.580979 0 
0.739506 0.603547 -23.1614 -3.40815 -0.0256538 -3.7261 -0.891083 -0.603547 0 
0.667305 0.809015 -23.1607 -3.40532 -0.0251803 -3.73034 -0.888247 -0.809015 0 
0.445966 1.61503 -23.1502 -3.40154 -0.0207221 -3.73054 -0.889347 -1.61503 0 
0.474006 1.49307 -23.1552 -3.39973 -0.0236811 -3.73243 -0.888542 -1.49307 0 
0.509129 1.35011 -23.1589 -3.39969 -0.0246288 -3.73509 -0.883992 -1.35011 0 
0.52495 1.28891 -23.161 -3.39793 -0.0283374 -3.72893 -0.885185 -1.28891 0 
0.560313 1.15852 -23.167 -3.39683 -0.0301087 -3.72971 -0.88563 -1.15852 0 
0.671841 0.795467 -23.1705 -3.39975 -0.0317443 -3.72501 -0.887972 -0.795467 0 
0.568104 1.1309 -23.1662 -3.39759 -0.0296434 -3.73183 -0.88627 -1.1309 0 
0.501486 1.38036 -23.1576 -3.3994 -0.0251989 -3.72811 -0.889811 -1.38036 0 
0.71122 0.681546 -23.1689 -3.40252 -0.0304912 -3.71941 -0.889526 -0.681546 0 
0.675938 0.783307 -23.167 -3.40115 -0.0311117 -3.71751 -0.888089 -0.783307 0 
0.701659 0.708614 -23.17 -3.3997 -0.0349667 -3.71474 -0.889347 -0.708614 0 
0.795997 0.456319 -23.1737 -3.40202 -0.038484 -3.70873 -0.89272 -0.456319 0 
0.742591 0.59522 -23.1727 -3.39974 -0.0375372 -3.70755 -0.892405 -0.59522 0 
0.718402 0.661451 -23.1723 -3.39914 -0.0366 -3.71347 -0.889862 -0.661451 0 
0.751005 0.572687 -23.1764 -3.3985 -0.0396353 -3.72102 -0.887932 -0.572687 0 
0.825322 0.383964 -23.185 -3.3997 -0.0447302 -3.71815 -0.890196 -0.383964 0 
0.832453 0.366758 -23.1853 -3.39903 -0.0477827 -3.7122 -0.893401 -0.366758 0 
0.826215 0.3818 -23.1813 -3.40069 -0.0429561 -3.7139 -0.895729 -0.3818 0 
0.823222 0.389059 -23.1798 -3.40094 -0.042295 -3.71541 -0.895745 -0.389059 0 
0.851924 0.320516 -23.1839 -3.40214 -0.0454695 -3.71091 -0.897766 -0.320516 0 
0.861775 0.297522 -23.1784 -3.40321 -0.0463138 -3.71198 -0.899681 -0.297522 0 
0.872549 0.272674 -23.1784 -3.40472 -0.0468859 -3.70917 -0.903915 -0.272674 0 
1.67654 0.352829 -23.1896 -3.40422 -0.0534141 -3.70806 -0.904575 -0.352829 0 
0.82174 0.392663 -23.1894 -3.40568 -0.0551409 -3.70578 -0.906186 -0.392663 0 
0.85689 0.308891 -23.1827 -3.40626 -0.0525637 -3.70938 -0.903346 -0.308891 0 
0.867471 0.284346 -23.1812 -3.40564 -0.0502025 -3.71732 -0.899191 -0.284346 0 
0.87337 0.270791 -23.1786 -3.4063 -0.0502821 -3.72041 -0.902109 -0.270791 0 
0.868423 0.282153 -23.1804 -3.40457 -0.0519951 -3.7246 -0.899882 -0.282153 0 
0.861444 0.29829 -23.1832 -3.40364 -0.0525548 -3.72596 -0.898415 -0.29829 0 
0.861449 0.298278 -23.1829 -3.40266 -0.0526982 -3.72586 -0.896495 -0.298278 0 
0.857387 0.307732 -23.1847 -3.40444 -0.0511172 -3.72617 -0.895387 -0.307732 0 
0.853746 0.316244 -23.1861 -3.40326 -0.0532829 -3.72062 -0.90058 -0.316244 0 
0.800286 0.445573 -23.1923 -3.40545 -0.0562098 -3.72433 -0.898697 -0.445573 0 
0.743399 0.593046 -23.1985 -3.40628 -0.057258 -3.72368 -0.895737 -0.593046 0 
0.676354 0.782078 -23.2016 -3.40811 -0.0593111 -3.72283 -0.894688 -0.782078 0 
0.623495 0.944831 -23.2034 -3.40913 -0.0615784 -3.72281 -0.893324 -0.944831 0 
0.673393 0.790852 -23.2024 -3.40696 -0.0609774 -3.73109 -0.890824 -0.790852 0 
0.746356 0.585105 -23.1999 -3.40331 -0.0604071 -3.73873 -0.886262 -0.585105 0 
0.743402 0.593036 -23.2015 -3.40253 -0.0606321 -3.74246 -0.886685 -0.593036 0 
0.680223 0.77067 -23.205 -3.40408 -0.0629093 -3.73864 -0.886192 -0.77067 0 
0.65533 0.845231 -23.2067 -3.40493 -0.0627959 -3.74277 -0.885152 -0.845231 0 
0.659697 0.831949 -23.2051 -3.40685 -0.0603333 -3.73663 -0.890867 -0.831949 0 
0.660986 0.828046 -23.2036 -3.40826 -0.0589527 -3.73649 -0.892442 -0.828046 0 
0.661156 0.82753 -23.2007 -3.4096 -0.0589329 -3.72906 -0.894473 -0.82753 0 
0.711573 0.680554 -23.1971 -3.40952 -0.0564249 -3.73038 -0.890688 -0.680554 0 
0.697712 0.719899 -23.199 -3.40879 -0.0577902 -3.73242 -0.890994 -0.719899 0 
0.69076 0.739926 -23.1987 -3.40795 -0.0604072 -3.73063 -0.891526 -0.739926 0 
0.760614 0.54726 -23.1922 -3.40795 -0.0575208 -3.73227 -0.89082 -0.54726 0 
0.766405 0.532088 -23.1919 -3.40711 -0.0587331 -3.72717 -0.895636 -0.532088 0 
0.750125 0.575032 -23.1911 -3.40917 -0.0577926 -3.7247 -0.897359 -0.575032 0 
0.828226 0.376939 -23.1873 -3.4072 -0.0526782 -3.73005 -0.894395 -0.376939 0 
0.789428 0.472893 -23.1913 -3.40917 -0.0520427 -3.73327 -0.893308 -0.472893 0 
0.757836 0.554577 -23.194 -3.4089 -0.0544388 -3.73945 -0.889026 -0.554577 0 
0.622993 0.946439 -23.2018 -3.41094 -0.0595028 -3.7297 -0.892612 -0.946439 0 
0.584704 1.0733 -23.1996 -3.41454 -0.058415 -3.72047 -0.898561 -1.0733 0 
0.600283 1.02071 -23.1992 -3.41488 -0.0565453 -3.72424 -0.898082 -1.02071 0 
0.574209 1.10952 -23.1997 -3.41658 -0.0554043 -3.71899 -0.900947 -1.10952 0 
0.525028 1.28861 -23.2037 -3.41688 -0.0564655 -3.71238 -0.906172 -1.28861 0 
0.513887 1.3315 -23.2007 -3.41915 -0.0555029 -3.70678 -0.908502 -1.3315 0 
0.494665 1.40775 -23.2076 -3.41651 -0.0570311 -3.70968 -0.907804 -1.40775 0 
0.564116 1.14499 -23.1983 -3.41841 -0.0540222 -3.70937 -0.910956 -1.14499 0 
1.70328 1.13211 -23.1992 -3.4187 -0.0523443 -3.7154 -0.908338 -1.13211 0 
0.696594 0.723105 -23.1956 -3.41505 -0.0492592 -3.72066 -0.906743 -0.723105 0 
0.641161 0.888948 -23.1977 -3.41582 -0.0518194 -3.72163 -0.903889 -0.888948 0 
0.632921 0.91482 -23.1993 -3.4155 -0.0519877 -3.72131 -0.903579 -0.91482 0 
0.593877 1.04217 -23.201 -3.41526 -0.0549706 -3.71751 -0.903208 -1.04217 0 
0.570587 1.12218 -23.206 -3.41341 -0.0567783 -3.71424 -0.901522 -1.12218 0 
0.627709 0.931358 -23.2078 -3.40982 -0.0560732 -3.71835 -0.90069 -0.931358 0 
0.641584 0.887631 -23.2077 -3.40822 -0.0577282 -3.71661 -0.902412 -0.887631 0 
0.607516 0.996755 -23.2088 -3.40906 -0.058874 -3.71159 -0.904258 -0.996755 0 
0.659523 0.832477 -23.2073 -3.40669 -0.0589622 -3.71108 -0.904166 -0.832477 0 
0.579072 1.09266 -23.2143 -3.40637 -0.0621824 -3.7086 -0.905663 -1.09266 0 
0.635516 0.906636 -23.209 -3.40712 -0.0593043 -3.7076 -0.901892 -0.906636 0 
0.551655 1.18966 -23.215 -3.40797 -0.0614456 -3.70195 -0.905584 -1.18966 0 
0.551184 1.19137 -23.2179 -3.4057 -0.0632435 -3.70519 -0.902116 -1.19137 0 
0.637686 0.89982 -23.2112 -3.4061 -0.0589385 -3.7087 -0.901595 -0.89982 0 
0.493655 1.41184 -23.2177 -3.40979 -0.06172 -3.70686 -0.900984 -1.41184 0 
1.1365 1.13039 -23.2128 -3.40844 -0.0606727 -3.70821 -0.900765 -1.13039 0 
0.533366 1.25709 -23.2123 -3.41043 -0.0609689 -3.70279 -0.900593 -1.25709 0 
0.551946 1.18861 -23.2091 -3.41121 -0.0602885 -3.69995 -0.901744 -1.18861 0 
0.656227 0.842496 -23.2004 -3.41057 -0.0581405 -3.70003 -0.906335 -0.842496 0 
0.700474 0.711997 -23.2003 -3.40946 -0.0553126 -3.70294 -0.902793 -0.711997 0 
0.703415 0.703615 -23.2002 -3.40963 -0.0546666 -3.70559 -0.900327 -0.703615 0 
0.749061 0.57787 -23.1969 -3.40941 -0.0525092 -3.7028 -0.903249 -0.57787 0 
0.851438 0.321658 -23.1881 -3.40655 -0.0476508 -3.69959 -0.906408 -0.321658 0 
0.812334 0.415687 -23.1926 -3.40847 -0.0488906 -3.6989 -0.908336 -0.415687 0 
0.855326 0.312545 -23.1869 -3.40756 -0.0466342 -3.69667 -0.910332 -0.312545 0 
0.82971 0.373357 -23.1935 -3.40653 -0.0478064 -3.69628 -0.910722 -0.373357 0 
0.849922 0.325221 -23.1876 -3.40889 -0.045624 -3.68638 -0.914049 -0.325221 0 
0.839553 0.349772 -23.1897 -3.40903 -0.0456637 -3.6883 -0.913948 -0.349772 0 
0.843493 0.340408 -23.1922 -3.407 -0.0450978 -3.6891 -0.913806 -0.340408 0 
0.842542 0.342664 -23.1934 -3.40448 -0.0474965 -3.69373 -0.913129 -0.342664 0 
0.813073 0.413868 -23.2008 -3.40288 -0.0486808 -3.70062 -0.908941 -0.413868 0 
0.814673 0.409937 -23.1998 -3.4039 -0.0482354 -3.6978 -0.910789 -0.409937 0 
0.790328 0.470615 -23.2057 -3.40166 -0.0498943 -3.70583 -0.906949 -0.470615 0 
0.752124 0.569708 -23.2102 -3.40233 -0.0513623 -3.70975 -0.905616 -0.569708 0 
0.689097 0.744747 -23.2154 -3.40316 -0.0541299 -3.70958 -0.906288 -0.744747 0 
0.76061 0.54727 -23.2122 -3.39966 -0.0511047 -3.71465 -0.901353 -0.54727 0 
0.77402 0.512316 -23.2117 -3.39856 -0.0483209 -3.71994 -0.895281 -0.512316 0 
0.751447 0.571509 -23.2142 -3.39868 -0.0508549 -3.72368 -0.892325 -0.571509 0 
0.740937 0.599679 -23.2162 -3.399 -0.0506155 -3.71761 -0.894773 -0.599679 0 
0.743222 0.59352 -23.2182 -3.39722 -0.0491485 -3.72188 -0.893444 -0.59352 0 
0.766006 0.53313 -23.2143 -3.39674 -0.0480521 -3.72211 -0.894773 -0.53313 0 
0.741656 0.59774 -23.2167 -3.39913 -0.0493943 -3.71793 -0.894409 -0.59774 0 
0.74196 0.596921 -23.2177 -3.39845 -0.0488095 -3.71159 -0.893767 -0.596921 0 
0.781413 0.493303 -23.2106 -3.39761 -0.0438602 -3.71677 -0.891473 -0.493303 0 
0.775434 0.508664 -23.2113 -3.39699 -0.0477639 -3.72218 -0.889964 -0.508664 0 
0.715561 0.669377 -23.2206 -3.39966 -0.0488367 -3.71778 -0.890909 -0.669377 0 
0.712027 0.679279 -23.22 -3.40064 -0.048895 -3.71324 -0.892132 -0.679279 0 
0.777819 0.502522 -23.2122 -3.39991 -0.0438664 -3.71184 -0.893803 -0.502522 0 
0.78123 0.49377 -23.2116 -3.39946 -0.0428438 -3.71391 -0.891886 -0.49377 0 
0.785976 0.481657 -23.2098 -3.39724 -0.0431736 -3.71057 -0.897902 -0.481657 0 
0.77869 0.500286 -23.2131 -3.39712 -0.0448231 -3.70418 -0.903228 -0.500286 0 
0.77617 0.506768 -23.209 -3.39493 -0.0434471 -3.7074 -0.89967 -0.506768 0 
0.767314 0.529719 -23.2029 -3.3953 -0.0395453 -3.7099 -0.897683 -0.529719 0 
0.78221 0.491264 -23.1975 -3.3973 -0.0380973 -3.71154 -0.899898 -0.491264 0 
0.797414 0.452762 -23.1956 -3.39766 -0.0399596 -3.70354 -0.905214 -0.452762 0 
0.791123 0.468604 -23.1961 -3.39733 -0.039174 -3.70292 -0.907552 -0.468604 0 
0.781719 0.492519 -23.1974 -3.39693 -0.0383404 -3.70279 -0.905646 -0.492519 0 
0.782096 0.491554 -23.1992 -3.39648 -0.0393256 -3.70483 -0.904083 -0.491554 0 
0.759915 0.549098 -23.1981 -3.39592 -0.0376031 -3.71045 -0.897751 -0.549098 0 
0.798732 0.449459 -23.2027 -3.39846 -0.0394824 -3.70607 -0.897345 -0.449459 0 
0.789844 0.471839 -23.2068 -3.39736 -0.0411292 -3.7061 -0.897588 -0.471839 0 
0.793696 0.462109 -23.2013 -3.39808 -0.0386405 -3.70555 -0.89791 -0.462109 0 
0.764568 0.536888 -23.1886 -3.39954 -0.0328634 -3.70334 -0.899705 -0.536888 0 
0.719941 0.657172 -23.1875 -3.39663 -0.0346229 -3.70582 -0.895261 -0.657172 0 
0.69622 0.724179 -23.1796 -3.39866 -0.0312014 -3.70193 -0.898417 -0.724179 0 
0.746753 0.584041 -23.1804 -3.40132 -0.0302534 -3.69856 -0.901339 -0.584041 0 
0.733552 0.619713 -23.1835 -3.40007 -0.0302572 -3.70531 -0.897393 -0.619713 0 
0.637346 0.900887 -23.1822 -3.39619 -0.0297924 -3.7087 -0.893119 -0.900887 0 
0.692822 0.733965 -23.1909 -3.39562 -0.0327056 -3.70834 -0.890385 -0.733965 0 
0.665675 0.813909 -23.1932 -3.39421 -0.0319691 -3.70858 -0.890073 -0.813909 0 
0.761095 0.545994 -23.1936 -3.39772 -0.0352388 -3.70466 -0.893332 -0.545994 0 
0.785065 0.483976 -23.2031 -3.39792 -0.0377325 -3.7022 -0.892129 -0.483976 0 
0.793937 0.461503 -23.2035 -3.39921 -0.0371955 -3.70472 -0.891056 -0.461503 0 
0.798105 0.451029 -23.2047 -3.40037 -0.035854 -3.70449 -0.891728 -0.451029 0 
0.783907 0.486931 -23.2121 -3.40041 -0.0403164 -3.69576 -0.895468 -0.486931 0 
0.773779 0.512938 -23.2136 -3.40174 -0.0412357 -3.69132 -0.895175 -0.512938 0 
0.795912 0.456533 -23.2098 -3.40129 -0.0382736 -3.69043 -0.898576 -0.456533 0 
0.796942 0.453948 -23.2093 -3.40197 -0.0401323 -3.68482 -0.900867 -0.453948 0 
0.81288 0.414343 -23.2053 -3.40346 -0.0391531 -3.68132 -0.902651 -0.414343 0 
0.83582 0.358685 -23.1974 -3.40436 -0.0368349 -3.68523 -0.89996 -0.358685 0 
0.838876 0.351386 -23.1967 -3.40484 -0.0381752 -3.68603 -0.900307 -0.351386 0 
0.833311 0.364696 -23.1934 -3.40226 -0.0390538 -3.69161 -0.898239 -0.364696 0 
0.843693 0.339932 -23.1941 -3.40522 -0.0378724 -3.69091 -0.896114 -0.339932 0 
0.806889 0.429138 -23.203 -3.40501 -0.0420496 -3.69436 -0.890566 -0.429138 0 
1.58928 0.459726 -23.2019 -3.40969 -0.0396634 -3.68513 -0.896884 -0.459726 0 
0.754365 0.563758 -23.2049 -3.41108 -0.0409479 -3.67745 -0.898839 -0.563758 0 
0.801143 0.443431 -23.1982 -3.41296 -0.0368764 -3.67518 -0.901705 -0.443431 0 
0.683815 0.760136 -23.2077 -3.4143 -0.0415919 -3.6691 -0.904724 -0.760136 0 
1.31623 0.836746 -23.2114 -3.41395 -0.0416943 -3.67116 -0.899485 -0.836746 0 
0.618547 0.960764 -23.2191 -3.41061 -0.0454389 -3.66944 -0.900115 -0.960764 0 
0.642618 0.88441 -23.2186 -3.41083 -0.0426151 -3.67661 -0.897608 -0.88441 0 
0.61926 0.958459 -23.2221 -3.41017 -0.0432061 -3.67879 -0.896825 -0.958459 0 
0.580481 1.0878 -23.2239 -3.41103 -0.0443363 -3.67824 -0.894736 -1.0878 0 
0.652105 0.8551 -23.2166 -3.41147 -0.0419531 -3.68443 -0.891611 -0.8551 0 
0.551313 1.19091 -23.2233 -3.41259 -0.0451886 -3.68289 -0.895903 -1.19091 0 
0.534685 1.25215 -23.2258 -3.41172 -0.0464179 -3.68311 -0.89742 -1.25215 0 
0.547784 1.20375 -23.2244 -3.41214 -0.0454368 -3.68334 -0.897415 -1.20375 0 
0.509886 1.34714 -23.2238 -3.41319 -0.0481532 -3.67888 -0.901198 -1.34714 0 
0.482545 1.45736 -23.2219 -3.41527 -0.0487049 -3.67647 -0.902429 -1.45736 0 
0.562371 1.15119 -23.2174 -3.41416 -0.0463857 -3.67632 -0.901967 -1.15119 0 
0.543814 1.2183 -23.2169 -3.41554 -0.0461632 -3.67439 -0.903779 -1.2183 0 
0.561794 1.15324 -23.2128 -3.41645 -0.0460925 -3.67369 -0.903725 -1.15324 0 
0.564576 1.14336 -23.2141 -3.41689 -0.0438012 -3.67086 -0.904347 -1.14336 0 
0.597871 1.02876 -23.21 -3.41709 -0.0435598 -3.66018 -0.909153 -1.02876 0 
0.528762 1.27443 -23.2128 -3.41938 -0.0438667 -3.65434 -0.914303 -1.27443 0 
0.47711 1.48001 -23.214 -3.42231 -0.0423137 -3.65198 -0.913899 -1.48001 0 
0.581463 1.08442 -23.2077 -3.42184 -0.0380256 -3.65305 -0.915583 -1.08442 0 
0.674548 0.787426 -23.2007 -3.42112 -0.0356997 -3.65845 -0.913267 -0.787426 0 
0.768827 0.525778 -23.1983 -3.41734 -0.0338271 -3.66216 -0.906718 -0.525778 0 
0.699176 0.715707 -23.2039 -3.41789 -0.0363834 -3.66082 -0.906171 -0.715707 0 
0.768255 0.527266 -23.1991 -3.41791 -0.032189 -3.6595 -0.907774 -0.527266 0 
0.764538 0.536967 -23.1969 -3.41979 -0.0310341 -3.65933 -0.907063 -0.536967 0 
0.780625 0.495321 -23.1943 -3.42023 -0.0304018 -3.66662 -0.906631 -0.495321 0 
0.86376 0.292921 -23.1841 -3.41965 -0.026151 -3.671 -0.903564 -0.292921 0 
0.850996 0.322696 -23.1863 -3.42005 -0.0263281 -3.67225 -0.903391 -0.322696 0 
0.89115 0.230486 -23.175 -3.41884 -0.0211751 -3.67608 -0.899653 -0.230486 0 
0.891566 0.229552 -23.171 -3.41967 -0.0197164 -3.67844 -0.901269 -0.229552 0 
0.866079 0.287558 -23.1642 -3.41995 -0.0154521 -3.67845 -0.900942 -0.287558 0 
0.856996 0.308643 -23.1646 -3.4183 -0.017007 -3.68109 -0.899765 -0.308643 0 
0.814902 0.409374 -23.1605 -3.4176 -0.0147575 -3.68594 -0.899765 -0.409374 0 
0.807001 0.428861 -23.157 -3.41807 -0.0150742 -3.68461 -0.90048 -0.428861 0 
0.828402 0.376513 -23.164 -3.41594 -0.0179836 -3.69109 -0.894651 -0.376513 0 
0.808472 0.425218 -23.1588 -3.41751 -0.0152286 -3.69156 -0.898793 -0.425218 0 
0.795549 0.457445 -23.1586 -3.41737 -0.0141157 -3.69179 -0.895037 -0.457445 0 
0.790165 0.471026 -23.1609 -3.41667 -0.0134583 -3.68966 -0.896112 -0.471026 0 
0.811512 0.417713 -23.1586 -3.41815 -0.0143793 -3.68976 -0.899637 -0.417713 0 
0.87849 0.259103 -23.1629 -3.42047 -0.0177423 -3.68494 -0.905197 -0.259103 0 
0.890389 0.232193 -23.168 -3.41948 -0.0205244 -3.67818 -0.906132 -0.232193 0 
0.888305 0.23688 -23.1647 -3.42178 -0.0166838 -3.67714 -0.903563 -0.23688 0 
0.84213 0.343643 -23.1568 -3.42187 -0.0121752 -3.69025 -0.90078 -0.343643 0 
0.734594 0.616874 -23.1475 -3.42067 -0.00837265 -3.69012 -0.897674 -0.616874 0 
0.734762 0.616417 -23.1473 -3.42113 -0.00759603 -3.69067 -0.898134 -0.616417 0 
0.745507 0.587383 -23.1498 -3.41989 -0.00943351 -3.6948 -0.894383 -0.587383 0 
0.728523 0.633472 -23.1494 -3.41925 -0.00929014 -3.69408 -0.896935 -0.633472 0 
0.823378 0.388679 -23.1551 -3.42179 -0.0108869 -3.69692 -0.89793 -0.388679 0 
0.791666 0.46723 -23.1509 -3.42177 -0.0099218 -3.69916 -0.895867 -0.46723 0 
0.758506 0.55281 -23.1451 -3.42199 -0.00998387 -3.70511 -0.891542 -0.55281 0 
0.796315 0.455521 -23.143 -3.4253 -0.00932462 -3.70044 -0.89334 -0.455521 0 
0.797578 0.452352 -23.1437 -3.42431 -0.01098 -3.70218 -0.890932 -0.452352 0 
0.824252 0.386559 -23.1447 -3.42529 -0.0118206 -3.69685 -0.893813 -0.386559 0 
0.772119 0.517232 -23.139 -3.42606 -0.00806123 -3.69556 -0.898188 -0.517232 0 
0.732461 0.622689 -23.1345 -3.42601 -0.00740254 -3.69696 -0.895173 -0.622689 0 
0.756212 0.558866 -23.1355 -3.42624 -0.00878146 -3.69365 -0.896765 -0.558866 0 
0.753973 0.564798 -23.1359 -3.42635 -0.00795806 -3.70188 -0.892419 -0.564798 0 
0.711546 0.680629 -23.1389 -3.42229 -0.00925192 -3.7083 -0.888117 -0.680629 0 
0.745783 0.586641 -23.142 -3.42214 -0.0106803 -3.70088 -0.892767 -0.586641 0 
0.639674 0.893592 -23.1344 -3.4209 -0.00861792 -3.70086 -0.891847 -0.893592 0 
0.591836 1.04905 -23.1287 -3.42259 -0.00525678 -3.69387 -0.894054 -1.04905 0 
0.516162 1.32267 -23.1269 -3.42155 -0.00213853 -3.69529 -0.890909 -1.32267 0 
1.44572 1.46002 -23.1237 -3.42229 -4.44542e-05 -3.69286 -0.89277 -1.46002 0 
0.507001 1.35848 -23.125 -3.42177 -0.00231431 -3.69377 -0.893006 -1.35848 0 
0.579285 1.09192 -23.1296 -3.42198 -0.00466765 -3.69618 -0.893584 -1.09192 0 
0.903691 1.58883 -23.1257 -3.41918 -0.0020894 -3.70469 -0.889096 -1.58883 0 
0.43631 1.6588 -23.1249 -3.41844 -0.00277009 -3.70493 -0.892634 -1.6588 0 
0.518553 1.31343 -23.1321 -3.41699 -0.0076339 -3.71321 -0.887377 -1.31343 0 
0.43398 1.66951 -23.1266 -3.41609 -0.00614325 -3.71606 -0.885563 -1.66951 0 
0.510769 1.34367 -23.1308 -3.41775 -0.00643472 -3.71601 -0.882983 -1.34367 0 
0.441211 1.63646 -23.1255 -3.41775 -0.00424994 -3.72067 -0.883345 -1.63646 0 
0.502943 1.37456 -23.1274 -3.41989 -0.00395837 -3.72324 -0.884975 -1.37456 0 
1.00896 1.36845 -23.1278 -3.42055 -0.00248321 -3.72572 -0.883593 -1.36845 0 
0.520419 1.30624 -23.1328 -3.41932 -0.0026417 -3.7278 -0.882797 -1.30624 0 
1.9126 1.47567 -23.1336 -3.41825 -0.00060334 -3.72932 -0.883297 -1.47567 0 
0.610872 0.985737 -23.1365 -3.42146 -0.00341197 -3.72453 -0.887007 -0.985737 0 
0.545246 1.21304 -23.1371 -3.41842 -0.00343803 -3.73205 -0.884789 -1.21304 0 
0.867213 1.67124 -23.1377 -3.41452 -0.00149157 -3.73679 -0.878186 -1.67124 0 
0.378769 1.94166 -23.1398 -3.41116 -0.00209826 -3.74169 -0.87622 -1.94166 0 
0.446319 1.61344 -23.1426 -3.41299 -0.00241566 -3.74654 -0.875115 -1.61344 0 
0.472449 1.49965 -23.1431 -3.41317 -0.00396028 -3.74746 -0.874694 -1.49965 0 
0.390291 1.88173 -23.1414 -3.41072 -0.0029103 -3.74414 -0.877869 -1.88173 0 
0.398236 1.84142 -23.1432 -3.40949 -0.00499662 -3.75009 -0.873762 -1.84142 0 
0.389823 1.88413 -23.1403 -3.41087 -0.00333047 -3.7454 -0.878798 -1.88413 0 
0.423671 1.7176 -23.1403 -3.41189 -0.00419042 -3.74593 -0.878094 -1.7176 0 
0.472864 1.4979 -23.142 -3.41134 -0.00832426 -3.74016 -0.883134 -1.4979 0 
0.494761 1.40736 -23.1445 -3.41163 -0.00797627 -3.74064 -0.880942 -1.40736 0 
0.483211 1.4546 -23.1406 -3.41292 -0.00696585 -3.73973 -0.881964 -1.4546 0 
0.586791 1.06617 -23.1365 -3.41767 -0.00891652 -3.73644 -0.888107 -1.06617 0 
0.527751 1.27826 -23.1358 -3.41478 -0.0102625 -3.74025 -0.887876 -1.27826 0 
0.408951 1.78832 -23.1303 -3.41368 -0.00605664 -3.74497 -0.887852 -1.78832 0 
0.436818 1.65648 -23.1275 -3.41552 -0.00684254 -3.73956 -0.88787 -1.65648 0 
0.540565 1.23028 -23.1327 -3.4157 -0.0116561 -3.73578 -0.889416 -1.23028 0 
0.526201 1.28414 -23.1342 -3.4153 -0.0102323 -3.74492 -0.884426 -1.28414 0 
0.653729 0.850124 -23.1434 -3.41652 -0.012324 -3.74897 -0.880023 -0.850124 0 
1.30323 0.856608 -23.1432 -3.41697 -0.0113745 -3.75083 -0.880906 -0.856608 0 
0.640516 0.890963 -23.1451 -3.41563 -0.0117615 -3.75398 -0.880442 -0.890963 0 
0.654406 0.848055 -23.1465 -3.41528 -0.0127131 -3.7513 -0.883737 -0.848055 0 
0.750459 0.57414 -23.1543 -3.41593 -0.0151432 -3.74849 -0.889314 -0.57414 0 
0.800485 0.445075 -23.1548 -3.41791 -0.0162878 -3.74166 -0.889326 -0.445075 0 
0.736604 0.611411 -23.1521 -3.4166 -0.0138146 -3.74759 -0.8872 -0.611411 0 
0.739148 0.604514 -23.1531 -3.41594 -0.0148953 -3.74987 -0.88329 -0.604514 0 
0.799766 0.446873 -23.1596 -3.41679 -0.0155303 -3.74987 -0.881911 -0.446873 0 
0.884268 0.24599 -23.1699 -3.41966 -0.0185328 -3.7444 -0.882857 -0.24599 0 
0.84335 0.340747 -23.1632 -3.41889 -0.0149761 -3.74796 -0.880464 -0.340747 0 
0.889983 0.233107 -23.1684 -3.41991 -0.0206375 -3.73881 -0.886378 -0.233107 0 
0.888147 0.237236 -23.1761 -3.41843 -0.0237715 -3.73666 -0.885686 -0.237236 0 
0.893079 0.226161 -23.1715 -3.41995 -0.0223832 -3.731 -0.886066 -0.226161 0 
0.892535 0.22738 -23.1735 -3.42032 -0.0218408 -3.73073 -0.887727 -0.22738 0 
0.892005 0.228567 -23.1698 -3.41974 -0.021236 -3.73399 -0.89058 -0.228567 0 
0.883072 0.248698 -23.166 -3.41999 -0.0188685 -3.73124 -0.888538 -0.248698 0 
0.835697 0.358979 -23.1587 -3.41918 -0.0157355 -3.73353 -0.890157 -0.358979 0 
0.828119 0.377197 -23.1592 -3.41903 -0.014582 -3.72928 -0.89127 -0.377197 0 
0.892906 0.226548 -23.172 -3.42034 -0.01974 -3.72283 -0.892306 -0.226548 0 
0.891343 0.230051 -23.1756 -3.41961 -0.0201635 -3.71589 -0.896495 -0.230051 0 
0.887888 0.237818 -23.1787 -3.41899 -0.0228802 -3.71482 -0.89844 -0.237818 0 
0.890631 0.23165 -23.1762 -3.4209 -0.0221182 -3.71388 -0.901022 -0.23165 0 
0.894099 0.223877 -23.1752 -3.4207 -0.0205796 -3.71244 -0.904253 -0.223877 0 
0.899469 0.211901 -23.1673 -3.42229 -0.0206586 -3.71049 -0.907301 -0.211901 0 
0.894004 0.22409 -23.1667 -3.4207 -0.0201315 -3.71227 -0.905836 -0.22409 0 
0.847813 0.33019 -23.1623 -3.41802 -0.0174044 -3.71976 -0.901727 -0.33019 0 
0.875018 0.267021 -23.1651 -3.41904 -0.0187374 -3.7185 -0.901382 -0.267021 0 
0.889315 0.234608 -23.1729 -3.41882 -0.0204298 -3.73042 -0.896587 -0.234608 0 
0.889575 0.234023 -23.172 -3.41858 -0.0214085 -3.72776 -0.8964 -0.234023 0 
0.885205 0.243872 -23.1669 -3.41969 -0.0192808 -3.72729 -0.897374 -0.243872 0 
0.878155 0.259864 -23.1655 -3.42037 -0.0167451 -3.73471 -0.893249 -0.259864 0 
0.883107 0.248617 -23.1671 -3.41978 -0.0185329 -3.73408 -0.89372 -0.248617 0 
0.86304 0.294589 -23.1667 -3.41683 -0.0206665 -3.74068 -0.886718 -0.294589 0 
0.816818 0.404679 -23.1624 -3.41524 -0.0191477 -3.73976 -0.886173 -0.404679 0 
0.80549 0.432608 -23.1629 -3.41418 -0.0195932 -3.74017 -0.885686 -0.432608 0 
0.695745 0.725544 -23.1542 -3.41333 -0.0153729 -3.74496 -0.882046 -0.725544 0 
0.626367 0.935637 -23.1488 -3.41182 -0.0158308 -3.74321 -0.882604 -0.935637 0 
0.712865 0.676927 -23.1529 -3.41442 -0.0156193 -3.74392 -0.881678 -0.676927 0 
0.514988 1.32723 -23.1421 -3.41193 -0.0107265 -3.75348 -0.877514 -1.32723 0 
0.522931 1.29661 -23.1458 -3.41095 -0.0110279 -3.76116 -0.872621 -1.29661 0 
0.97186 1.44338 -23.1426 -3.41097 -0.00994503 -3.76205 -0.874293 -1.44338 0 
0.563737 1.14634 -23.1467 -3.41086 -0.0139982 -3.75836 -0.873076 -1.14634 0 
0.558596 1.16466 -23.1453 -3.41098 -0.0143117 -3.75829 -0.872649 -1.16466 0 
0.638134 0.898415 -23.1486 -3.41241 -0.0160121 -3.7552 -0.871439 -0.898415 0 
0.702386 0.706544 -23.1527 -3.41283 -0.0182092 -3.74912 -0.873261 -0.706544 0 
0.690465 0.74078 -23.1532 -3.41194 -0.0187017 -3.75006 -0.871558 -0.74078 0 
0.688446 0.746637 -23.1533 -3.41217 -0.0179822 -3.75035 -0.869082 -0.746637 0 
0.627568 0.931805 -23.1503 -3.41241 -0.0139089 -3.74921 -0.872582 -0.931805 0 
0.696724 0.722732 -23.1503 -3.41435 -0.0160422 -3.74274 -0.877669 -0.722732 0 
0.610589 0.986662 -23.1469 -3.41305 -0.0133921 -3.74849 -0.874088 -0.986662 0 
0.641352 0.888352 -23.1521 -3.41076 -0.0173499 -3.74867 -0.873075 -0.888352 0 
0.516188 1.32257 -23.1444 -3.4103 -0.0127611 -3.75166 -0.87213 -1.32257 0 
0.471894 1.502 -23.1414 -3.4101 -0.0114536 -3.752 -0.869103 -1.502 0 
0.59414 1.04128 -23.1463 -3.41319 -0.0121025 -3.75185 -0.872107 -1.04128 0 
0.711915 0.679593 -23.1529 -3.41458 -0.0153212 -3.74436 -0.87364 -0.679593 0 
0.599195 1.02434 -23.1479 -3.41272 -0.0125433 -3.75208 -0.866405 -1.02434 0 
1.37149 0.754494 -23.1541 -3.41357 -0.0143932 -3.75017 -0.86678 -0.754494 0 
0.558363 1.16549 -23.1454 -3.41341 -0.00930385 -3.75416 -0.867627 -1.16549 0 
0.688958 0.745149 -23.1493 -3.41645 -0.0118321 -3.75033 -0.868306 -0.745149 0 
0.849866 0.325353 -23.1591 -3.41991 -0.0167312 -3.74449 -0.872051 -0.325353 0 
0.861888 0.297261 -23.1606 -3.41962 -0.0186652 -3.74514 -0.871736 -0.297261 0 
0.827961 0.377579 -23.1605 -3.41714 -0.0181955 -3.74671 -0.875748 -0.377579 0 
0.716385 0.667075 -23.1502 -3.41625 -0.0141504 -3.74912 -0.873002 -0.667075 0 
0.703239 0.704117 -23.1503 -3.41474 -0.0159843 -3.74626 -0.87078 -0.704117 0 
0.695483 0.726297 -23.1529 -3.41376 -0.0156814 -3.75675 -0.866247 -0.726297 0 
0.784302 0.485922 -23.1546 -3.41586 -0.0193643 -3.75012 -0.868142 -0.485922 0 
0.675512 0.784568 -23.1518 -3.41252 -0.0171179 -3.75602 -0.866576 -0.784568 0 
0.653136 0.85194 -23.1485 -3.41263 -0.0170879 -3.76062 -0.866542 -0.85194 0 
0.776695 0.505415 -23.1536 -3.41366 -0.0237805 -3.75558 -0.868027 -0.505415 0 
0.832072 0.367672 -23.158 -3.4149 -0.0252515 -3.75266 -0.873422 -0.367672 0 
0.852308 0.319615 -23.1612 -3.41478 -0.0267524 -3.74838 -0.876146 -0.319615 0 
0.757821 0.554617 -23.1518 -3.41342 -0.0231205 -3.74622 -0.877284 -0.554617 0 
0.837946 0.353604 -23.1637 -3.41262 -0.0275277 -3.75121 -0.876245 -0.353604 0 
0.821888 0.392303 -23.1598 -3.41348 -0.0254416 -3.74981 -0.879659 -0.392303 0 
0.887436 0.238837 -23.1722 -3.41609 -0.0287467 -3.744 -0.881913 -0.238837 0 
0.888829 0.235701 -23.1715 -3.41534 -0.0316444 -3.73526 -0.885493 -0.235701 0 
0.89052 0.2319 -23.1703 -3.41644 -0.0334773 -3.73508 -0.885457 -0.2319 0 
0.887934 0.237715 -23.1691 -3.41419 -0.0344099 -3.73763 -0.882846 -0.237715 0 
0.888125 0.237285 -23.1664 -3.41484 -0.0333589 -3.7327 -0.882441 -0.237285 0 
0.892186 0.228161 -23.1675 -3.41585 -0.0345218 -3.72906 -0.884419 -0.228161 0 
0.890253 0.232498 -23.1658 -3.41571 -0.0322423 -3.72923 -0.885693 -0.232498 0 
0.888782 0.235807 -23.1668 -3.41508 -0.0324718 -3.72751 -0.886142 -0.235807 0 
0.893457 0.225313 -23.1665 -3.41556 -0.0349418 -3.72172 -0.890389 -0.225313 0 
0.88711 0.239573 -23.1612 -3.41494 -0.0339559 -3.72356 -0.895401 -0.239573 0 
0.891513 0.22967 -23.1604 -3.41527 -0.0354235 -3.72456 -0.898497 -0.22967 0 
0.885945 0.2422 -23.1606 -3.41361 -0.0365741 -3.72278 -0.900349 -0.2422 0 
0.848367 0.328884 -23.1569 -3.41245 -0.0329301 -3.72359 -0.896534 -0.328884 0 
0.832757 0.366027 -23.1552 -3.41219 -0.0320487 -3.71524 -0.899548 -0.366027 0 
0.836411 0.35727 -23.1535 -3.41229 -0.0334077 -3.71555 -0.904629 -0.35727 0 
0.790497 0.470187 -23.1509 -3.41132 -0.0311445 -3.71881 -0.902583 -0.470187 0 
0.818735 0.399991 -23.1577 -3.41005 -0.0328439 -3.71985 -0.901035 -0.399991 0 
0.811805 0.41699 -23.1607 -3.40838 -0.0336152 -3.72186 -0.900364 -0.41699 0 
0.76458 0.536858 -23.1586 -3.40622 -0.033656 -3.71421 -0.905434 -0.536858 0 
0.706376 0.695216 -23.1548 -3.40427 -0.0342697 -3.7142 -0.905313 -0.695216 0 
0.763634 0.539332 -23.1597 -3.4048 -0.0358967 -3.7163 -0.904553 -0.539332 0 
0.817632 0.402686 -23.1667 -3.40529 -0.037415 -3.7173 -0.903348 -0.402686 0 
0.828749 0.375676 -23.1722 -3.40443 -0.0382987 -3.719 -0.899057 -0.375676 0 
0.837688 0.354219 -23.1769 -3.40288 -0.04141 -3.71689 -0.898776 -0.354219 0 
0.827811 0.377942 -23.1742 -3.40369 -0.0388581 -3.71344 -0.899934 -0.377942 0 
0.84346 0.340486 -23.1785 -3.40418 -0.0387166 -3.71185 -0.901922 -0.340486 0 
0.802493 0.440064 -23.1709 -3.40451 -0.0347756 -3.71261 -0.903328 -0.440064 0 
0.82985 0.37302 -23.1729 -3.40526 -0.0361204 -3.71371 -0.9024 -0.37302 0 
0.87024 0.277971 -23.1814 -3.40739 -0.0385896 -3.70791 -0.902745 -0.277971 0 
0.852154 0.319975 -23.191 -3.40577 -0.0428237 -3.71079 -0.902004 -0.319975 0 
0.848266 0.329123 -23.1899 -3.40316 -0.0419236 -3.71326 -0.900693 -0.329123 0 
0.846997 0.332117 -23.1911 -3.40277 -0.0437605 -3.71415 -0.900351 -0.332117 0 
0.839402 0.350131 -23.1943 -3.40603 -0.0437053 -3.7115 -0.902514 -0.350131 0 
0.831799 0.368329 -23.197 -3.404 -0.0454864 -3.71392 -0.904019 -0.368329 0 
0.840243 0.348129 -23.1945 -3.40279 -0.0468461 -3.71518 -0.904694 -0.348129 0 
0.842644 0.34242 -23.1932 -3.40437 -0.0467591 -3.71036 -0.906272 -0.34242 0 
0.826374 0.381416 -23.1966 -3.40473 -0.0470715 -3.71199 -0.903765 -0.381416 0 
0.821056 0.394328 -23.1982 -3.40469 -0.0466942 -3.71224 -0.904687 -0.394328 0 
0.809874 0.421754 -23.198 -3.4074 -0.0454804 -3.71033 -0.907516 -0.421754 0 
0.838953 0.351201 -23.1937 -3.40679 -0.0440335 -3.70802 -0.904835 -0.351201 0 
0.852685 0.318729 -23.1905 -3.40746 -0.0428536 -3.70658 -0.908701 -0.318729 0 
0.850223 0.324514 -23.1888 -3.40916 -0.0434519 -3.70466 -0.911363 -0.324514 0 
0.858702 0.304666 -23.1882 -3.40851 -0.04249 -3.70882 -0.912479 -0.304666 0 
0.85395 0.315764 -23.1907 -3.40662 -0.043196 -3.71435 -0.909566 -0.315764 0 
0.850408 0.324079 -23.1923 -3.40452 -0.0444848 -3.71505 -0.910086 -0.324079 0 
0.857607 0.307219 -23.1894 -3.40508 -0.0443803 -3.72237 -0.909219 -0.307219 0 
0.819596 0.397887 -23.1957 -3.40665 -0.0473622 -3.72184 -0.909433 -0.397887 0 
0.789816 0.471911 -23.2014 -3.40511 -0.0497813 -3.7171 -0.910891 -0.471911 0 
0.758496 0.552836 -23.2028 -3.40659 -0.0509282 -3.72021 -0.908861 -0.552836 0 
0.69647 0.723461 -23.2058 -3.40837 -0.0531034 -3.71709 -0.911667 -0.723461 0 
0.750075 0.575164 -23.1982 -3.4098 -0.0505651 -3.7212 -0.907755 -0.575164 0 
0.671973 0.795074 -23.208 -3.4092 -0.0521251 -3.73363 -0.899347 -0.795074 0 
0.651527 0.856874 -23.2107 -3.40887 -0.0526488 -3.73377 -0.900111 -0.856874 0 
0.663615 0.820105 -23.2107 -3.40863 -0.0516947 -3.73349 -0.901187 -0.820105 0 
0.686438 0.752478 -23.2106 -3.40805 -0.0500382 -3.73199 -0.899839 -0.752478 0 
0.701395 0.709369 -23.2092 -3.40888 -0.0479504 -3.73908 -0.897055 -0.709369 0 
0.71706 0.665191 -23.2068 -3.40971 -0.0468366 -3.73846 -0.901344 -0.665191 0 
0.780323 0.496094 -23.2021 -3.40867 -0.0439731 -3.74285 -0.898794 -0.496094 0 
0.775996 0.507215 -23.2023 -3.40894 -0.0439182 -3.7432 -0.897425 -0.507215 0 
0.82236 0.391154 -23.1961 -3.40947 -0.0411515 -3.73645 -0.904491 -0.391154 0 
0.859212 0.30348 -23.19 -3.40777 -0.0379169 -3.74175 -0.903813 -0.30348 0 
0.852862 0.318315 -23.1921 -3.4081 -0.0381019 -3.7418 -0.902736 -0.318315 0 
0.845049 0.336721 -23.194 -3.40483 -0.0388808 -3.7468 -0.900633 -0.336721 0 
0.841871 0.344256 -23.1871 -3.40472 -0.0346744 -3.74361 -0.902868 -0.344256 0 
0.837399 0.354909 -23.1907 -3.40396 -0.0352632 -3.74478 -0.900676 -0.354909 0 
0.839302 0.35037 -23.1952 -3.40367 -0.038625 -3.74243 -0.901139 -0.35037 0 
0.833201 0.364961 -23.1947 -3.40261 -0.0378908 -3.74366 -0.900834 -0.364961 0 
0.851058 0.32255 -23.1902 -3.4054 -0.0355803 -3.74048 -0.906885 -0.32255 0 
0.84793 0.329914 -23.194 -3.40634 -0.0346695 -3.73959 -0.902828 -0.329914 0 
0.839043 0.350987 -23.1911 -3.40369 -0.0361503 -3.74164 -0.903264 -0.350987 0 
0.829312 0.374318 -23.1994 -3.40507 -0.040022 -3.74363 -0.899813 -0.374318 0 
0.741443 0.598314 -23.2108 -3.40669 -0.0446409 -3.74087 -0.900451 -0.598314 0 
0.682204 0.764854 -23.217 -3.40534 -0.0491197 -3.73857 -0.897331 -0.764854 0 
0.725779 0.64102 -23.2127 -3.40473 -0.0483792 -3.73525 -0.898208 -0.64102 0 
0.729069 0.631975 -23.2117 -3.4063 -0.0464287 -3.73608 -0.901858 -0.631975 0 
0.695156 0.727238 -23.2159 -3.4056 -0.0480946 -3.74227 -0.898445 -0.727238 0 
0.701258 0.70976 -23.2143 -3.40503 -0.0498368 -3.74062 -0.897246 -0.70976 0 
0.74883 0.578487 -23.2072 -3.40604 -0.048218 -3.73993 -0.895774 -0.578487 0 
0.780277 0.496211 -23.205 -3.40358 -0.0490556 -3.73793 -0.895254 -0.496211 0 
0.750087 0.575131 -23.2069 -3.40432 -0.051437 -3.73635 -0.898584 -0.575131 0 
0.664977 0.816006 -23.2164 -3.40324 -0.0559542 -3.73526 -0.901577 -0.816006 0 
0.639606 0.893805 -23.2191 -3.40329 -0.0561757 -3.74128 -0.896166 -0.893805 0 
0.590125 1.05484 -23.2214 -3.40499 -0.0568691 -3.73954 -0.897646 -1.05484 0 
0.55524 1.17671 -23.2238 -3.40454 -0.0594847 -3.74416 -0.897092 -1.17671 0 
1.11072 1.17627 -23.2243 -3.40414 -0.0595687 -3.74413 -0.894016 -1.17627 0 
0.559709 1.16068 -23.2221 -3.40439 -0.0606784 -3.74458 -0.893308 -1.16068 0 
0.551309 1.19092 -23.2233 -3.40413 -0.0610242 -3.74515 -0.893989 -1.19092 0 
0.625721 0.937701 -23.218 -3.40534 -0.0552439 -3.74746 -0.895073 -0.937701 0 
1.36211 0.768227 -23.2168 -3.40199 -0.0552971 -3.75032 -0.894653 -0.768227 0 
0.659037 0.833951 -23.2183 -3.40248 -0.055874 -3.74495 -0.894222 -0.833951 0 
0.685321 0.755735 -23.2187 -3.39954 -0.0569339 -3.74393 -0.896097 -0.755735 0 
0.721396 0.653134 -23.2172 -3.39842 -0.0542886 -3.74894 -0.893838 -0.653134 0 
0.722099 0.651185 -23.2179 -3.3971 -0.0549834 -3.75035 -0.89113 -0.651185 0 
0.727259 0.636946 -23.2164 -3.39796 -0.054557 -3.75504 -0.890945 -0.636946 0 
0.737241 0.609682 -23.2167 -3.39844 -0.0507078 -3.75814 -0.887536 -0.609682 0 
0.774219 0.5118 -23.2111 -3.39766 -0.0462196 -3.76332 -0.88357 -0.5118 0 
0.745519 0.587349 -23.216 -3.39874 -0.0481734 -3.76067 -0.881793 -0.587349 0 
0.712156 0.678916 -23.2203 -3.39994 -0.0488313 -3.76118 -0.883713 -0.678916 0 
0.727788 0.635492 -23.2221 -3.39546 -0.04545 -3.76391 -0.878588 -0.635492 0 
0.745363 0.587768 -23.2181 -3.39563 -0.0442791 -3.7652 -0.879968 -0.587768 0 
0.715438 0.669721 -23.223 -3.39763 -0.0472079 -3.75818 -0.880996 -0.669721 0 
0.650577 0.859791 -23.2316 -3.39702 -0.0506796 -3.75723 -0.881834 -0.859791 0 
0.651826 0.855956 -23.2315 -3.3974 -0.0500459 -3.75792 -0.882325 -0.855956 0 
0.654975 0.846318 -23.2334 -3.39481 -0.0504726 -3.76162 -0.879393 -0.846318 0 
0.698091 0.718811 -23.2279 -3.39386 -0.0482239 -3.75799 -0.880481 -0.718811 0 
0.669685 0.801895 -23.2323 -3.39474 -0.049107 -3.75587 -0.882482 -0.801895 0 
0.662505 0.823454 -23.2333 -3.39417 -0.0496616 -3.76326 -0.879141 -0.823454 0 
0.612646 0.979936 -23.2399 -3.39463 -0.0501994 -3.77286 -0.874866 -0.979936 0 
0.607384 0.997189 -23.2418 -3.39456 -0.0488144 -3.77548 -0.874708 -0.997189 0 
0.678246 0.776491 -23.2331 -3.39299 -0.0457764 -3.77068 -0.878935 -0.776491 0 
0.663288 0.821091 -23.2354 -3.39316 -0.0458983 -3.77147 -0.875071 -0.821091 0 
0.638738 0.896521 -23.238 -3.39414 -0.0483337 -3.77159 -0.878229 -0.896521 0 
0.630609 0.922138 -23.2401 -3.39388 -0.047178 -3.77282 -0.876186 -0.922138 0 
0.595157 1.03786 -23.2437 -3.39401 -0.0493827 -3.77589 -0.874255 -1.03786 0 
0.664027 0.818864 -23.2354 -3.39502 -0.0442578 -3.77498 -0.877284 -0.818864 0 
0.656158 0.842706 -23.2374 -3.39298 -0.0443267 -3.78239 -0.873309 -0.842706 0 
0.575445 1.10522 -23.2478 -3.3952 -0.0461591 -3.78132 -0.874751 -1.10522 0 
0.567673 1.13242 -23.2463 -3.39762 -0.0457963 -3.77734 -0.878133 -1.13242 0 
0.545464 1.21224 -23.2494 -3.39698 -0.0465046 -3.7772 -0.874511 -1.21224 0 
0.63449 0.909867 -23.2477 -3.3953 -0.0448368 -3.77925 -0.876409 -0.909867 0 
0.639952 0.892724 -23.2417 -3.39242 -0.0418748 -3.78362 -0.873315 -0.892724 0 
0.61528 0.971356 -23.2457 -3.39352 -0.042025 -3.78775 -0.872637 -0.971356 0 
0.634951 0.908415 -23.2429 -3.39258 -0.0397479 -3.78718 -0.869221 -0.908415 0 
0.63989 0.892919 -23.2416 -3.39184 -0.0386151 -3.79413 -0.866106 -0.892919 0 
0.630088 0.923792 -23.2442 -3.39238 -0.0372565 -3.79251 -0.865605 -0.923792 0 
0.630176 0.923511 -23.2435 -3.39075 -0.0360376 -3.79017 -0.866986 -0.923511 0 
0.629994 0.924089 -23.2439 -3.39036 -0.0371347 -3.78979 -0.870057 -0.924089 0 
0.592782 1.04586 -23.2513 -3.38915 -0.0418179 -3.78806 -0.869448 -1.04586 0 
0.552362 1.1871 -23.2553 -3.39254 -0.0440913 -3.78025 -0.870645 -1.1871 0 
0.581417 1.08457 -23.2526 -3.39043 -0.0421444 -3.78666 -0.866248 -1.08457 0 
0.573548 1.11183 -23.2546 -3.38853 -0.0426494 -3.78352 -0.866915 -1.11183 0 
0.557973 1.16689 -23.258 -3.38676 -0.0426525 -3.78723 -0.867037 -1.16689 0 
0.547075 1.20634 -23.2573 -3.38372 -0.0410993 -3.7997 -0.855765 -1.20634 0 
0.573652 1.11147 -23.254 -3.38785 -0.0386538 -3.79696 -0.856711 -1.11147 0 
0.552369 1.18708 -23.2568 -3.38524 -0.0408061 -3.80388 -0.853448 -1.18708 0 
0.541727 1.22599 -23.2501 -3.38239 -0.0377054 -3.81359 -0.846804 -1.22599 0 
0.52445 1.29081 -23.254 -3.38144 -0.0384154 -3.8204 -0.842391 -1.29081 0 
0.525502 1.2868 -23.2525 -3.38116 -0.0381877 -3.81504 -0.844523 -1.2868 0 
0.562958 1.1491 -23.248 -3.38368 -0.0383273 -3.8032 -0.850968 -1.1491 0 
0.564645 1.14312 -23.2487 -3.38356 -0.0405431 -3.80891 -0.849093 -1.14312 0 
0.589819 1.05588 -23.2447 -3.38632 -0.0371402 -3.80285 -0.85159 -1.05588 0 
0.603846 1.00887 -23.245 -3.38844 -0.0377513 -3.80379 -0.850919 -1.00887 0 
0.610858 0.985781 -23.2456 -3.39056 -0.0359521 -3.8073 -0.852067 -0.985781 0 
0.605001 1.00505 -23.2462 -3.38968 -0.0340764 -3.80411 -0.8538 -1.00505 0 
0.583867 1.07616 -23.2522 -3.38897 -0.0365525 -3.80301 -0.856326 -1.07616 0 
0.572771 1.11454 -23.2539 -3.3882 -0.0380122 -3.80965 -0.853636 -1.11454 0 
0.582577 1.08059 -23.2509 -3.38883 -0.0380351 -3.81347 -0.84867 -1.08059 0 
0.572641 1.11499 -23.2529 -3.39021 -0.0408429 -3.81064 -0.85095 -1.11499 0 
0.575189 1.10611 -23.2524 -3.39206 -0.0398637 -3.80503 -0.851843 -1.10611 0 
0.582515 1.0808 -23.251 -3.3923 -0.0398337 -3.80764 -0.852738 -1.0808 0 
0.609698 0.989583 -23.2455 -3.39146 -0.0390982 -3.80946 -0.849404 -0.989583 0 
0.615312 0.971251 -23.2444 -3.39259 -0.0379239 -3.80754 -0.847105 -0.971251 0 
0.634244 0.910644 -23.2403 -3.39458 -0.0378064 -3.80971 -0.846235 -0.910644 0 
0.602631 1.0129 -23.2455 -3.39561 -0.0394992 -3.80486 -0.850837 -1.0129 0 
0.627652 0.93154 -23.2424 -3.39314 -0.0389948 -3.80384 -0.853449 -0.93154 0 
0.611322 0.984263 -23.2445 -3.39426 -0.0412885 -3.79937 -0.856301 -0.984263 0 
0.655618 0.844354 -23.2377 -3.39393 -0.035859 -3.79861 -0.858173 -0.844354 0 
0.649365 0.86352 -23.2233 -3.39193 -0.0297695 -3.80205 -0.85656 -0.86352 0 
0.555331 1.17638 -23.2172 -3.38845 -0.026747 -3.80892 -0.853233 -1.17638 0 
0.493862 1.411 -23.2075 -3.38882 -0.0227033 -3.80476 -0.856548 -1.411 0 
0.487784 1.43577 -23.202 -3.39054 -0.0206232 -3.80605 -0.85698 -1.43577 0 
0.55903 1.1631 -23.208 -3.39159 -0.0231324 -3.81085 -0.853172 -1.1631 0 
0.491898 1.41897 -23.2066 -3.38961 -0.0215328 -3.81286 -0.849776 -1.41897 0 
0.479443 1.47026 -23.205 -3.3895 -0.0211556 -3.80753 -0.850909 -1.47026 0 
0.464398 1.53403 -23.206 -3.38807 -0.0226783 -3.81152 -0.846599 -1.53403 0 
0.509907 1.34706 -23.2087 -3.3895 -0.0229113 -3.80989 -0.847559 -1.34706 0 
0.480636 1.46529 -23.2101 -3.38717 -0.0244283 -3.80654 -0.849721 -1.46529 0 
0.54635 1.20899 -23.2106 -3.3884 -0.0279519 -3.79757 -0.85502 -1.20899 0 
0.626984 0.933667 -23.2154 -3.39034 -0.0315853 -3.79766 -0.854907 -0.933667 0 
0.650843 0.858974 -23.2103 -3.39285 -0.0296753 -3.79549 -0.858953 -0.858974 0 
0.592098 1.04817 -23.2034 -3.39194 -0.0273666 -3.79778 -0.856918 -1.04817 0 
0.626182 0.93623 -23.2061 -3.39198 -0.0302596 -3.79813 -0.855015 -0.93623 0 
0.596909 1.03198 -23.2 -3.39229 -0.0286467 -3.80084 -0.853608 -1.03198 0 
0.556392 1.17257 -23.1949 -3.3916 -0.028416 -3.80328 -0.851473 -1.17257 0 
0.452126 1.58759 -23.1868 -3.39112 -0.0235002 -3.79862 -0.852782 -1.58759 0 
1.15282 1.10188 -23.1898 -3.39377 -0.0276536 -3.79934 -0.854288 -1.10188 0 
0.626008 0.936783 -23.1927 -3.39404 -0.030679 -3.7971 -0.854576 -0.936783 0 
0.614066 0.975306 -23.1891 -3.39512 -0.028591 -3.79608 -0.855421 -0.975306 0 
0.597018 1.03162 -23.1875 -3.39505 -0.0279169 -3.79707 -0.853795 -1.03162 0 
0.586698 1.06649 -23.1841 -3.39504 -0.0284481 -3.79607 -0.856444 -1.06649 0 
0.537456 1.24181 -23.1782 -3.39679 -0.0231812 -3.79728 -0.856017 -1.24181 0 
0.526539 1.28286 -23.1735 -3.39752 -0.0232207 -3.79412 -0.855508 -1.28286 0 
0.627769 0.931167 -23.1761 -3.39984 -0.0257319 -3.79101 -0.858926 -0.931167 0 
1.1592 1.09083 -23.1712 -3.39911 -0.0255785 -3.78435 -0.85887 -1.09083 0 
1.2126 1.00075 -23.1715 -3.40067 -0.0244671 -3.78484 -0.858318 -1.00075 0 
0.558031 1.16668 -23.1703 -3.39926 -0.023662 -3.77786 -0.864163 -1.16668 0 
0.453345 1.5822 -23.1667 -3.3967 -0.0221726 -3.78409 -0.862519 -1.5822 0 
0.514015 1.331 -23.1697 -3.39777 -0.0233982 -3.78084 -0.864156 -1.331 0 
0.534058 1.2545 -23.1716 -3.39773 -0.0239618 -3.77704 -0.86855 -1.2545 0 
0.557319 1.16923 -23.1781 -3.3949 -0.0285928 -3.77149 -0.867549 -1.16923 0 
0.542664 1.22253 -23.1766 -3.39492 -0.0279828 -3.77122 -0.868584 -1.22253 0 
0.643285 0.882336 -23.1805 -3.39613 -0.0323658 -3.766 -0.871773 -0.882336 0 
0.578406 1.09496 -23.1789 -3.39337 -0.0332309 -3.76625 -0.870803 -1.09496 0 
0.616168 0.968472 -23.1869 -3.39179 -0.0363846 -3.76608 -0.869431 -0.968472 0 
0.59648 1.03342 -23.1856 -3.3906 -0.0377752 -3.76343 -0.868356 -1.03342 0 
0.680388 0.770183 -23.1874 -3.39403 -0.037723 -3.76205 -0.870185 -0.770183 0 
0.671937 0.795182 -23.1852 -3.39462 -0.0365161 -3.75923 -0.869138 -0.795182 0 
0.767231 0.529935 -23.188 -3.39965 -0.0354252 -3.74815 -0.870453 -0.529935 0 
0.809295 0.423184 -23.191 -3.40127 -0.0386127 -3.74741 -0.870147 -0.423184 0 
0.807492 0.427644 -23.1887 -3.40148 -0.0373493 -3.74214 -0.875195 -0.427644 0 
0.779929 0.497104 -23.1833 -3.40128 -0.0348299 -3.74283 -0.87562 -0.497104 0 
0.738796 0.605466 -23.181 -3.3992 -0.0353241 -3.7472 -0.873571 -0.605466 0 
0.781971 0.491875 -23.1828 -3.40121 -0.0355382 -3.75183 -0.874872 -0.491875 0 
0.797965 0.451381 -23.1843 -3.40118 -0.037291 -3.75075 -0.87806 -0.451381 0 
0.772439 0.516405 -23.1814 -3.40031 -0.0365544 -3.75621 -0.87872 -0.516405 0 
0.801052 0.44366 -23.1889 -3.4 -0.0394102 -3.7582 -0.877304 -0.44366 0 
0.80741 0.427846 -23.1938 -3.40001 -0.0405705 -3.75742 -0.874986 -0.427846 0 
0.810637 0.419869 -23.1905 -3.40116 -0.0381176 -3.75365 -0.878669 -0.419869 0 
0.809288 0.4232 -23.1918 -3.40143 -0.0366826 -3.75309 -0.880792 -0.4232 0 
0.811761 0.417099 -23.1917 -3.40181 -0.0364788 -3.75661 -0.879601 -0.417099 0 
0.813906 0.41182 -23.1963 -3.40134 -0.0379598 -3.75236 -0.882452 -0.41182 0 
