0.0 64171.88292800976 -23.73906969 -2.0606232 -0.34445745 -2.95533429 -1.16973046 -18.9405634886405 0.0
0.0 50232.901113506276 -23.67299423 -2.24222451 -0.05095927 -0.77726722 -0.67659101 -64171.88292800976 0.0
0.0 41232.468394038406 -23.44314629 -2.06253007 -0.26087885 -0.12811804 -1.55065682 -50232.901113506276 0.0
0.0 36433.01021281673 -23.61935768 -2.19734271 -0.26208366 -0.60978417 -1.36017058 -41232.468394038406 0.0
0.0 34699.191639299526 -23.07696273 -2.09070461 -0.07913257 -4.78272851 -0.54080342 -36433.01021281673 0.0
0.0 32547.567931414695 -23.1741683 -2.05146574 -0.15410794 -1.90217771 -1.90512624 -34699.191639299526 0.0
0.0 30493.3608397286 -23.35518096 -2.10992999 -0.5314152 -3.57283402 -0.8302671 -32547.567931414695 0.0
0.0 26266.984106060536 -23.68097501 -2.36351091 -0.26024076 -2.52388417 -0.54887338 -30493.3608397286 0.0
0.0 25584.39193476483 -23.90192415 -2.37926127 -0.05183299 -2.4415848 -0.70628931 -26266.984106060536 0.0
0.0 21772.843146517356 -2.30194694e+01 -2.24941425e+00 -2.98014546e-03 -1.13718362e+00 -2.38273483e-01 -25584.39193476483 0.0
0.0 20274.00731699429 -23.64757935 -2.34621497 -0.76738337 -2.25036587 -0.67853248 -21772.843146517356 0.0
0.0 19702.9881132233 -22.73605893 -2.05107743 -0.05114956 -3.88601187 -1.52776709 -20274.00731699429 0.0
0.0 19680.756880966044 -23.69774613 -2.18306206 -0.69146018 -1.27793954 -1.62264723 -19702.9881132233 0.0
0.0 19299.24868374315 -23.27715915 -2.25478688 -0.19800474 -3.55796744 -1.39759128 -19680.756880966044 0.0
0.0 17896.154824925132 -22.71961418 -2.16013268 -0.52741764 -2.7513064 -0.05176167 -19299.24868374315 0.0
0.0 17698.243819157255 -22.96795899 -2.08492942 -0.74217349 -0.35140948 -1.35982765 -17896.154824925132 0.0
0.0 16742.501274759707 -23.10466693 -2.08374013 -0.53588622 -1.59488671 -1.40340057 -17698.243819157255 0.0
0.0 15765.52859961017 -23.15867013 -2.29143206 -0.8707429 -4.1112258 -0.34324092 -16742.501274759707 0.0
0.0 15070.365154476707 -23.21573319 -2.33272381 -0.49670367 -4.07286856 -0.44672859 -15765.52859961017 0.0
0.0 14207.354455901623 -2.26612568e+01 -2.08806992e+00 -2.00042500e-02 -3.96445725e-01 -1.42635528e+00 -15070.365154476707 0.0
0.0 14074.727011068924 -23.3176001 -2.27678224 -0.78699181 -0.32285726 -1.61357638 -14207.354455901623 0.0
0.0 13738.667590832638 -22.9806066 -2.10714989 -0.52168559 -4.09477835 -1.19686537 -14074.727011068924 0.0
0.0 12628.874216221076 -22.68926787 -2.07866749 -0.43596748 -0.89937547 -1.15707239 -13738.667590832638 0.0
0.0 11214.386880034206 -23.54566317 -2.22012297 -0.92116855 -3.48429655 -1.7397884 -12628.874216221076 0.0
0.0 11016.825003210122 -23.24217433 -2.36827228 -0.34818857 -1.35487305 -1.01065693 -11214.386880034206 0.0
0.0 10914.525850903037 -22.8184 -2.28561559 -0.78220037 -1.49657197 -0.35899176 -11016.825003210122 0.0
0.0 10744.818342836288 -23.08468526 -2.36549656 -0.0775089 -0.77266171 -1.99255915 -10914.525850903037 0.0
0.0 10679.60845752191 -22.5721115 -2.07728554 -0.82799869 -0.42869596 -0.62663094 -10744.818342836288 0.0
0.0 9856.873548912137 -23.54362298 -2.41820609 -0.5360092 -2.41375741 -1.07831224 -10679.60845752191 0.0
0.0 9743.39977655198 -22.43497007 -2.04215244 -0.04016884 -3.89239459 -1.65611649 -9856.873548912137 0.0
0.0 9683.503788386895 -23.69475459 -2.51639029 -0.14208093 -1.5288645 -1.49077534 -9743.39977655198 0.0
0.0 9529.757735066683 -22.5717857 -2.19007517 -0.57947519 -1.99056345 -0.38944999 -9683.503788386895 0.0
0.0 9247.269446409524 -22.49842952 -2.1101575 -0.53424351 -4.9810457 -0.48613998 -9529.757735066683 0.0
0.0 8861.4570564584 -22.87975945 -2.12683238 -0.78999588 -4.40014926 -1.28417345 -9247.269446409524 0.0
0.0 8543.424012222667 -22.61686306 -2.29488087 -0.06716702 -4.69878581 -0.89292845 -8861.4570564584 0.0
0.0 8432.080094153962 -23.86046434 -2.42233347 -0.44445235 -2.26136487 -0.83529588 -8543.424012222667 0.0
0.0 7987.075518135194 -22.59592497 -2.13006476 -0.39835366 -1.26108962 -1.75505862 -8432.080094153962 0.0
0.0 7637.465685823495 -23.21065637 -2.30928972 -0.57727086 -3.72741018 -1.83999762 -7987.075518135194 0.0
0.0 7569.09704800699 -23.16584051 -2.44891274 -0.77507075 -0.126781 -0.67096515 -7637.465685823495 0.0
0.0 6925.858621123298 -23.02880167 -2.31783135 -0.73231864 -2.26213921 -1.07699935 -7569.09704800699 0.0
0.0 6528.914695144741 -23.22621001 -2.49404335 -0.42622488 -1.94716856 -0.9597172 -6925.858621123298 0.0
0.0 6445.872311993402 -22.82126802 -2.36767549 -0.73535392 -2.67272735 -0.48808208 -6528.914695144741 0.0
0.0 6402.297414432016 -23.25140253 -2.52647216 -0.58555633 -4.76481991 -0.72336553 -6445.872311993402 0.0
0.0 6327.437246144525 -23.70268882 -2.64688764 -0.02721438 -0.15756648 -1.15090154 -6402.297414432016 0.0
0.0 6155.629652815864 -23.12012795 -2.53467918 -0.50663254 -2.37703165 -0.72076087 -6327.437246144525 0.0
0.0 6134.02175461412 -22.42384309 -2.05464642 -0.44170206 -0.08894772 -1.99175022 -6155.629652815864 0.0
0.0 6030.548339880452 -22.41083695 -2.20602536 -0.06701293 -2.22988736 -1.59394863 -6134.02175461412 0.0
0.0 5828.293407490545 -22.96101317 -2.53802559 -0.91270701 -4.95558576 -0.12940267 -6030.548339880452 0.0
0.0 5472.392710149195 -23.99637953 -2.58918147 -0.08135115 -0.19026648 -1.71344206 -5828.293407490545 0.0
0.0 5326.345874831228 -23.63611755 -2.41817812 -0.82047567 -4.10128807 -1.2262374 -5472.392710149195 0.0
0.0 5046.08620884566 -22.92244865 -2.58224237 -0.3372619 -1.06279383 -0.10642706 -5326.345874831228 0.0
0.0 4986.821301693851 -23.21598118 -2.33970849 -0.75899378 -4.63421215 -1.97978156 -5046.08620884566 0.0
0.0 4736.770874902921 -22.94997757 -2.5807416 -0.64874504 -1.51938964 -0.21162386 -4986.821301693851 0.0
0.0 4591.509330264014 -2.28007879e+01 -2.61003500e+00 -8.56177291e-03 -1.03155512e+00 -2.75715204e-02 -4736.770874902921 0.0
0.0 4486.8595109517155 -23.02460768 -2.60717322 -0.52809581 -0.04306013 -0.2425026 -4591.509330264014 0.0
0.0 3874.1036615357452 -22.79996823 -2.30133943 -0.67713532 -3.85072445 -1.53130021 -4486.8595109517155 0.0
0.0 3859.079096982328 -22.36075644 -2.30717389 -0.95805599 -0.36237646 -0.44690876 -3874.1036615357452 0.0
0.0 3726.4044539672286 -22.5291248 -2.52259105 -0.08321681 -4.66241994 -0.49939102 -3859.079096982328 0.0
0.0 3717.7079822664014 -23.70178635 -2.61556711 -0.28648073 -1.97359191 -0.89050216 -3726.4044539672286 0.0
0.0 3692.110486950279 -23.39154815 -2.6171668 -0.5072768 -0.62603283 -1.41287463 -3717.7079822664014 0.0
0.0 3599.7900443774133 -22.19087139 -2.1343562 -0.28365377 -2.75765323 -1.67035202 -3692.110486950279 0.0
0.0 3520.505497833508 -22.385299 -2.1150375 -0.94665883 -4.29565017 -1.59448866 -3599.7900443774133 0.0
0.0 3329.202366302743 -22.15431907 -2.0720713 -0.63713716 -0.75318591 -1.73845746 -3520.505497833508 0.0
0.0 3319.2678472507587 -2.32201554e+01 -2.77949881e+00 -1.61943735e-02 -1.54586185e+00 -8.02744545e-01 -3329.202366302743 0.0
0.0 3303.326674718661 -22.99764079 -2.64518595 -0.91920426 -4.83750499 -0.44448868 -3319.2678472507587 0.0
0.0 3016.822909853726 -23.30449507 -2.47987172 -0.72534061 -3.52993922 -1.91395149 -3303.326674718661 0.0
0.0 2860.7241090837797 -22.25062742 -2.21186934 -0.46548258 -4.82254583 -1.37532319 -3016.822909853726 0.0
0.0 2746.5491415151773 -23.83931638 -2.62240004 -0.27357203 -1.68665179 -1.16974427 -2860.7241090837797 0.0
0.0 2662.1595685594607 -22.13331415 -2.24379593 -0.30864774 -3.37740773 -0.78446174 -2746.5491415151773 0.0
0.0 2621.0161280810376 -22.70730357 -2.63864861 -0.92780835 -3.00039145 -0.11422303 -2662.1595685594607 0.0
0.0 2605.0930077213998 -23.88500711 -2.51960986 -0.72699798 -2.10626088 -0.96668179 -2621.0161280810376 0.0
0.0 2450.6297731327395 -22.14584201 -2.36106152 -0.09231622 -0.8340392 -0.47592773 -2605.0930077213998 0.0
0.0 2308.8599524027236 -22.08288815 -2.18118017 -0.57125015 -3.73420853 -0.9721029 -2450.6297731327395 0.0
0.0 2292.896522476479 -22.00361265 -2.0173146 -0.44844725 -3.96743247 -1.98513145 -2308.8599524027236 0.0
0.0 2271.3697832615585 -23.80917289 -2.74378211 -0.97494974 -1.51761123 -0.11244655 -2292.896522476479 0.0
0.0 2259.17854860459 -22.71880855 -2.73972687 -0.1316506 -1.72167149 -0.03840871 -2271.3697832615585 0.0
0.0 2194.8617070178143 -23.93326841 -2.72453489 -0.06349438 -4.47708487 -1.81172535 -2259.17854860459 0.0
0.0 2071.9713542027916 -22.323982 -2.43396677 -0.93323952 -3.88869304 -0.81957046 -2194.8617070178143 0.0
0.0 2030.5955584588437 -22.07762912 -2.30709699 -0.70110309 -3.13955926 -0.46080021 -2071.9713542027916 0.0
0.0 2023.3919475277148 -23.9596965 -2.62422963 -0.77212074 -1.11451116 -0.56036287 -2030.5955584588437 0.0
0.0 1990.1558748428374 -22.98020093 -2.69174519 -0.50630941 -0.23709676 -1.21951888 -2023.3919475277148 0.0
0.0 1916.2291439585501 -22.4079922 -2.48575357 -0.55734381 -0.28897555 -1.73979858 -1990.1558748428374 0.0
0.0 1912.4199507735257 -2.22444186e+01 -2.48822360e+00 -1.92540152e-02 -3.33824258e+00 -1.85714481e+00 -1916.2291439585501 0.0
0.0 1904.6906868443311 -22.28151184 -2.40621381 -0.67410413 -0.75549001 -1.09733451 -1912.4199507735257 0.0
0.0 1789.080900132238 -22.79212997 -2.37454507 -0.95178256 -2.88595705 -1.93607533 -1904.6906868443311 0.0
0.0 1723.8831371812023 -23.52722718 -2.7311183 -0.44281614 -0.63612765 -0.88118482 -1789.080900132238 0.0
0.0 1679.869052432513 -23.19107449 -2.57699727 -0.76130088 -2.56604161 -1.87729435 -1723.8831371812023 0.0
0.0 1597.9508030593556 -23.86988192 -2.61621666 -0.65590211 -0.77131781 -0.9766605 -1679.869052432513 0.0
0.0 1597.0570887716583 -22.25218944 -2.36813386 -0.96122413 -4.22320486 -1.23233712 -1597.9508030593556 0.0
0.0 1570.046654742156 -22.08779463 -2.51222376 -0.21846658 -3.73399212 -0.08431541 -1597.0570887716583 0.0
0.0 1535.2774021488783 -22.27137008 -2.52572875 -0.65107353 -0.62592995 -0.77194416 -1570.046654742156 0.0
0.0 1489.1120923761737 -23.49793341 -2.85445138 -0.08967831 -4.36354693 -1.55989615 -1535.2774021488783 0.0
0.0 1469.6556736126247 -22.51500238 -2.78536795 -0.1187248 -1.56724327 -0.03894889 -1489.1120923761737 0.0
0.0 1466.7330798057753 -22.70776676 -2.76958904 -0.18057848 -4.53356563 -0.60344954 -1469.6556736126247 0.0
0.0 1314.291834564766 -22.61531608 -2.62622839 -0.3498599 -4.63604813 -1.70303039 -1466.7330798057753 0.0
0.0 1285.1501847902612 -22.11746622 -2.43545285 -0.4832477 -1.71380792 -0.90992243 -1314.291834564766 0.0
0.0 1274.65435968738 -22.1535316 -2.63580303 -0.82872396 -3.77685447 -0.07614679 -1285.1501847902612 0.0
0.0 1240.8065741233675 -22.02275858 -2.54477683 -0.11611867 -4.60939612 -0.13129408 -1274.65435968738 0.0
0.0 1225.830220916211 -22.70435486 -2.77208384 -0.50127444 -2.50900945 -0.5064222 -1240.8065741233675 0.0
0.0 1221.550158311515 -22.25370461 -2.65771792 -0.90545912 -4.97591323 -0.42475421 -1225.830220916211 0.0
0.0 1186.6710259721337 -22.0699442 -2.54120494 -0.04461831 -3.36499238 -1.22462298 -1221.550158311515 0.0
0.0 1148.9728826757453 -22.24026572 -2.68707669 -0.90825052 -0.11543196 -0.21544053 -1186.6710259721337 0.0
0.0 1148.8127832515831 -22.09025453 -2.51564113 -0.43225864 -4.80938187 -0.58090324 -1148.9728826757453 0.0
0.0 1141.6730369293948 -23.79711137 -2.80365605 -0.37193152 -1.81632089 -0.36664404 -1148.8127832515831 0.0
0.0 1119.4260949438676 -23.08444047 -2.86071743 -0.43995374 -0.32896778 -1.54900549 -1141.6730369293948 0.0
0.0 1101.085017548041 -22.76606706 -2.84612528 -0.10749456 -3.88216698 -1.35538339 -1119.4260949438676 0.0
0.0 1073.434710517003 -23.19275026 -2.689238 -0.84575756 -2.79490539 -1.48045437 -1101.085017548041 0.0
0.0 1030.7804473236547 -22.58986761 -2.74859559 -0.32475426 -3.78468267 -0.71890648 -1073.434710517003 0.0
0.0 1027.2315742778594 -23.80747035 -2.83244646 -0.09976354 -2.23672183 -1.08428042 -1030.7804473236547 0.0
0.0 1025.916050224474 -23.36027123 -2.89116872 -0.16031638 -2.56864311 -1.84546748 -1027.2315742778594 0.0
0.0 1000.0 -23.83789541 -3.98821601 -0.92953433 -3.32022167 -0.29966068 -1025.916050224474 0.0
0.0 1000.0 -23.7814874 -3.29229285 -0.10041885 -0.67296827 -1.85072347 nan 0.0
0.0 1000.0 -23.7096231 -3.81096854 -0.57572053 -1.97651613 -0.78806198 nan 0.0
0.0 1000.0 -23.87527616 -3.96980117 -0.42817108 -0.72061831 -0.42183019 nan 0.0
0.0 1000.0 -23.34130507 -3.69174447 -0.79689121 -1.67770175 -0.59486874 nan 0.0
0.0 1000.0 -23.79225709 -3.41842672 -0.9098779 -4.62764745 -1.14948319 nan 0.0
0.0 1000.0 -23.88904759 -3.50371173 -0.60098985 -3.61794851 -0.37475348 nan 0.0
0.0 1000.0 -23.53858293 -3.60684871 -0.5243287 -4.99706654 -0.69622856 nan 0.0
0.0 1000.0 -23.27112516 -3.762098 -0.3419825 -0.41548219 -1.89422984 nan 0.0
0.0 1000.0 -23.62435083 -3.88921834 -0.48252109 -2.0510112 -1.46689868 nan 0.0
0.0 1000.0 -23.9575608 -3.48617776 -0.33309153 -0.88488018 -1.54132817 nan 0.0
0.0 1000.0 -23.74298275 -3.37217076 -0.30948242 -4.99740166 -0.89098959 nan 0.0
0.0 1000.0 -23.92474808 -3.1787665 -0.21764161 -3.9276905 -0.99111446 nan 0.0
0.0 1000.0 -23.66031048 -3.36646002 -0.93761557 -1.51018351 -1.47953235 nan 0.0
0.0 1000.0 -23.91476251 -3.47972871 -0.52480541 -4.05456322 -0.12866247 nan 0.0
0.0 1000.0 -23.20821294 -3.81021421 -0.92269926 -1.97157079 -1.99961971 nan 0.0
0.0 1000.0 -23.97666104 -3.64572234 -0.32059365 -2.65367514 -0.29935061 nan 0.0
0.0 1000.0 -23.87814315 -3.22845199 -0.79269913 -2.68809018 -1.74198006 nan 0.0
0.0 1000.0 -23.71855029 -3.83160978 -0.74272951 -1.75436692 -0.11161853 nan 0.0
0.0 1000.0 -23.54585262 -3.54652783 -0.46677427 -3.2545622 -1.41612748 nan 0.0
0.0 1000.0 -23.54558032 -3.9581941 -0.888271 -1.78569388 -0.50805898 nan 0.0
0.0 1000.0 -23.75422903 -3.60978189 -0.26609673 -3.77620146 -0.15466304 nan 0.0
0.0 1000.0 -23.15845409 -3.93746705 -0.32885923 -4.2329266 -1.91341314 nan 0.0
0.0 1000.0 -23.41541715 -3.74591655 -0.84402871 -1.12985536 -0.62875644 nan 0.0
0.0 1000.0 -23.94394158 -3.43886222 -0.27184047 -0.54886198 -1.14499945 nan 0.0
0.0 1000.0 -23.27396651 -3.93538079 -0.3620673 -1.14124772 -0.19233565 nan 0.0
0.0 1000.0 -23.82890836 -3.49558448 -0.20993397 -1.70361284 -1.40486544 nan 0.0
0.0 1000.0 -23.96249536 -3.96948734 -0.62436851 -4.79689947 -1.98683867 nan 0.0
0.0 1000.0 -23.77486289 -3.40313856 -0.61022812 -3.66503585 -0.7933695 nan 0.0
0.0 1000.0 -23.42690444 -3.99147286 -0.90787504 -4.57357184 -1.89264275 nan 0.0
0.0 1000.0 -23.60897219 -3.88667367 -0.28046758 -4.30453064 -0.89971491 nan 0.0
0.0 1000.0 -23.91309995 -3.68244312 -0.62473845 -2.61372994 -0.27410368 nan 0.0
0.0 1000.0 -23.73693225 -3.82256634 -0.73812036 -4.99782472 -0.51930048 nan 0.0
0.0 1000.0 -23.81093777 -3.68727037 -0.74273128 -1.90980686 -1.11767194 nan 0.0
0.0 1000.0 -23.55342322 -3.92673804 -0.0244753 -0.12737314 -1.45354874 nan 0.0
0.0 1000.0 -23.96985912 -3.35303428 -0.71281833 -2.05293817 -1.70256167 nan 0.0
0.0 959.8805074221475 -22.05574655 -2.52766787 -0.26035627 -4.89320665 -1.18194661 nan 0.0
0.0 917.3487266652436 -22.02470135 -2.42052363 -0.88089343 -2.15714164 -1.00037258 -959.8805074221475 0.0
0.0 916.5538052659015 -22.08080566 -2.67573844 -0.35275634 -1.4812834 -0.20859768 -917.3487266652436 0.0
0.0 903.3741232612165 -22.06536145 -2.53340265 -0.23306667 -0.61476594 -1.51929432 -916.5538052659015 0.0
0.0 874.6014924005831 -22.2219457 -2.48629989 -0.66833979 -1.50698653 -1.85787898 -903.3741232612165 0.0
0.0 864.1450536759232 -22.82581537 -2.99455202 -0.71983611 -4.33734176 -0.07650279 -874.6014924005831 0.0
0.0 862.5000962206844 -22.20701315 -2.58090422 -0.35560387 -3.47125836 -1.98053837 -864.1450536759232 0.0
0.0 858.6928567422825 -22.90795021 -2.94599712 -0.07922274 -2.93492371 -1.89655513 -862.5000962206844 0.0
0.0 853.9943451437049 -22.4995841 -2.61663618 -0.6441466 -2.47759296 -1.20376736 -858.6928567422825 0.0
0.0 852.9271840659197 -22.58141331 -2.7823064 -0.4902392 -2.6506979 -0.59028233 -853.9943451437049 0.0
0.0 827.2501201655905 -23.54795815 -2.79853626 -0.92824049 -0.34995603 -1.95769112 -852.9271840659197 0.0
0.0 803.4001681243157 -22.24992468 -2.6136354 -0.57383464 -1.12040954 -1.27430328 -827.2501201655905 0.0
0.0 745.6041203041456 -23.95870505 -2.82346168 -0.31852531 -1.52542714 -0.3143324 -803.4001681243157 0.0
8.05e-322 732.4909001979153 -2.28640034e+01 -3.05866615e+00 -5.57579533e-01 -2.46988669e-01 -1.03732860e-02 -745.6041203041456 0.0
3.9271352103e-314 714.7864854918136 -22.32293549 -2.84578727 -0.06631489 -2.96401856 -0.63406289 -732.4909001979153 0.0
8.166969136496e-312 709.4499365118647 -23.75993147 -2.52310986 -0.97812472 -2.26255031 -1.80335753 -714.7864854918136 0.0
1.7790486816438184e-304 692.5444819774168 -22.90608988 -2.96491193 -0.20290044 -2.92827012 -1.15522445 -709.4499365118647 0.0
1.4739272404089974e-292 665.0976171370895 -22.17930138 -2.80576229 -0.0824001 -0.65570257 -0.89346014 -692.5444819774168 0.0
5.340995067841558e-292 664.1275416255509 -22.08243405 -2.66268494 -0.19754203 -4.53441615 -1.79487721 -665.0976171370895 0.0
3.6937233944839706e-283 643.4476626898945 -22.67596145 -2.8697096 -0.20056351 -3.17596961 -1.98287586 -664.1275416255509 0.0
8.890510134999111e-283 643.0994374124334 -23.49318036 -2.76600216 -0.8621365 -1.07698104 -0.98942146 -643.4476626898945 0.0
1.934912212926279e-276 627.9681563054638 -2.31790469e+01 -3.05995909e+00 -3.21477416e-03 -3.03836020e+00 -1.69274390e+00 -643.0994374124334 0.0
3.4244378636898125e-274 622.7937621456407 -22.04205098 -2.59334027 -0.84154525 -0.76423233 -1.07794219 -627.9681563054638 0.0
2.233859634283968e-271 616.3050970425955 -23.89197649 -2.80363974 -0.24181223 -0.63141879 -1.95626884 -622.7937621456407 0.0
5.320493122101242e-249 564.774878428822 -22.43584337 -2.8588768 -0.87297604 -3.69687409 -0.33652066 -616.3050970425955 0.0
1.8138321296996828e-244 554.3341143443132 -22.91226151 -2.87131383 -0.64303725 -4.57962146 -1.26613663 -564.774878428822 0.0
2.2767245732064005e-232 526.4717759771855 -23.02534925 -3.00078025 -0.75935136 -2.25878087 -0.64677552 -554.3341143443132 0.0
3.4310028438916696e-227 514.5447503268949 -23.74888154 -2.93958091 -0.2394758 -1.73720987 -0.29258807 -526.4717759771855 0.0
6.486879473606216e-220 497.78572709640235 -22.21959548 -2.71675919 -0.88969926 -2.95514072 -1.03269036 -514.5447503268949 0.0
1.4929637286507528e-217 492.3473351623115 -22.34521365 -2.74399396 -0.4319109 -4.92395646 -1.43438246 -497.78572709640235 0.0
8.883384307907806e-215 485.9520846059399 -22.25295021 -2.85440017 -0.45957389 -4.75067023 -0.52967226 -492.3473351623115 0.0
2.0950060729678808e-214 485.63601293486107 -22.05867156 -2.78586832 -0.94597305 -4.02408641 -0.59602297 -485.9520846059399 0.0
3.818844575300177e-213 482.21360972922696 -22.44145455 -2.8627838 -0.21678055 -2.67750971 -1.63469878 -485.63601293486107 0.0
9.676442239205308e-201 453.6167374684067 -22.75634364 -2.95989698 -0.79144021 -1.90122566 -0.6963827 -482.21360972922696 0.0
6.528978259764817e-197 444.795996537247 -23.23082219 -3.06870294 -0.05956838 -2.57399844 -1.09518802 -453.6167374684067 0.0
1.4243100493667128e-190 430.1963246353063 -22.69688715 -2.85246662 -0.69574198 -2.7847608 -1.19426447 -444.795996537247 0.0
2.502142793042757e-187 422.72168404593594 -22.28394104 -2.64937221 -0.62795588 -2.57163492 -1.98223547 -430.1963246353063 0.0
3.747925790050276e-180 406.1949742290679 -23.85690423 -2.76959672 -0.73595266 -2.199226 -0.86137164 -422.72168404593594 0.0
3.164987573298297e-179 404.1829531042453 -23.72467606 -2.74863404 -0.9802097 -2.99921021 -1.07348753 -406.1949742290679 0.0
7.151995351019746e-179 403.73051754234353 -22.90691933 -2.98730199 -0.3035048 -3.20355317 -1.6697395 -404.1829531042453 0.0
4.056942881718291e-177 399.2068059369768 -22.8762081 -3.09601009 -0.49083756 -1.01123194 -0.46243416 -403.73051754234353 0.0
5.234890350186235e-172 387.4241896354269 -23.17125115 -2.89627241 -0.58118097 -1.23076951 -1.21022394 -399.2068059369768 0.0
9.785023435261175e-170 382.1948554877345 -22.56675911 -2.94749643 -0.30689397 -2.49497546 -1.05869768 -387.4241896354269 0.0
1.379871892874962e-167 377.2436778882851 -22.61632605 -2.9729411 -0.19597295 -2.08267163 -1.87869009 -382.1948554877345 0.0
2.830379984682762e-157 353.4883644663619 -22.48757109 -2.98912148 -0.20852494 -1.03666455 -0.85721213 -377.2436778882851 0.0
2.632643598589004e-156 351.3674710277229 -22.53969847 -2.99179663 -0.50993177 -0.73607701 -0.56053837 -353.4883644663619 0.0
7.636714588821062e-147 329.4619729839396 -22.06023639 -2.81753323 -0.909571 -1.26652259 -0.95630521 -351.3674710277229 0.0
3.3543476967144444e-146 328.23527069420703 -23.83670453 -2.77460728 -0.62551034 -4.55518719 -1.0080765 -329.4619729839396 0.0
1.789183547922553e-144 324.01198590872406 -22.31319189 -2.80042557 -0.99975785 -4.5659878 -0.95555028 -328.23527069420703 0.0
3.842099035180059e-143 320.97339561315727 -22.71320804 -3.07905995 -0.58719112 -4.08697066 -0.45964023 -324.01198590872406 0.0
2.2424014960902184e-142 319.33625731201863 -23.7291915 -2.93859979 -0.31501118 -0.96122238 -0.55153504 -320.97339561315727 0.0
2.2076710585869726e-141 316.95602710538236 -23.82215747 -2.85009476 -0.8817143 -3.07671499 -0.66764129 -319.33625731201863 0.0
6.274501489105087e-132 295.09571790658 -22.12551744 -2.9922761 -0.17974187 -1.25596347 -0.52070591 -316.95602710538236 0.0
8.09062448117763e-130 290.24009818172175 -22.28181161 -2.8960756 -0.38328555 -0.80890271 -1.07891394 -295.09571790658 0.0
1.698699290790665e-128 287.23224079386006 -22.12654731 -2.93489051 -0.17707116 -0.89233424 -1.59798553 -290.24009818172175 0.0
1.920572697165868e-125 280.1503566439038 -23.5520301 -2.96778432 -0.49918631 -2.02827987 -0.52532493 -287.23224079386006 0.0
3.972878570426759e-125 280.074683570187 -23.97311974 -2.67832833 -0.99522176 -4.34801373 -1.14720191 -280.1503566439038 0.0
8.580993178057987e-123 274.0418321114665 -23.08917025 -2.94850586 -0.53549826 -1.12123603 -1.38690565 -280.074683570187 0.0
5.835252421193519e-121 269.8306258729538 -22.40306986 -2.98435738 -0.94571928 -1.41235787 -0.48298926 -274.0418321114665 0.0
4.189518373835226e-114 254.02515047732606 -23.54360226 -2.78235144 -0.74998845 -1.75985904 -1.4266662 -269.8306258729538 0.0
9.411248812348413e-114 253.79772373161023 -22.60297562 -2.99033435 -0.74469124 -0.53570684 -1.15438233 -254.02515047732606 0.0
6.592066330803371e-113 251.34375712674114 -23.58830698 -2.77194871 -0.98748026 -1.75477842 -1.31077558 -253.79772373161023 0.0
5.092033437116706e-112 249.33931177234365 -22.14519954 -2.81746244 -0.53270941 -2.4306405 -1.50980469 -251.34375712674114 0.0
9.587388594895515e-112 249.20386420494444 -22.1601284 -2.93628577 -0.24565747 -4.01441087 -1.75590282 -249.33931177234365 0.0
1.0059825160774256e-107 239.3137663448894 -23.30836024 -3.06676788 -0.82027704 -3.7249096 -0.28128996 -249.20386420494444 0.0
2.166203682183874e-106 236.28748341079174 -22.76230977 -2.93555066 -0.73568498 -3.69739614 -1.50834927 -239.3137663448894 0.0
6.162319438824891e-106 235.59701773018534 -22.28967249 -2.788231 -0.721052 -1.24025788 -1.9679122 -236.28748341079174 0.0
1.608415257978085e-97 215.80660399043245 -23.29225719 -2.90687435 -0.78213284 -0.8124748 -1.39088863 -235.59701773018534 0.0
1.23011246139378e-96 213.9077000979983 -22.73401141 -3.19682038 -0.03192724 -2.07329297 -1.52105469 -215.80660399043245 0.0
9.695057275022223e-96 211.81610831458067 -22.32377525 -3.09792604 -0.11397707 -1.3793381 -0.69015786 -213.9077000979983 0.0
4.921854475454956e-88 193.9529261016362 -22.16628448 -3.02904218 -0.19990718 -4.09308562 -1.17620426 -211.81610831458067 0.0
1.3120827999558218e-87 193.43622168819664 -22.29171548 -3.08374415 -0.08634245 -4.28812609 -1.7063094 -193.9529261016362 0.0
4.513033429743142e-87 191.92921077414857 -2.21085792e+01 -3.10696546e+00 -1.97821846e-02 -1.86734636e+00 -1.33816853e+00 -193.43622168819664 0.0
6.632442310037552e-79 172.91939646543733 -22.62543531 -3.21314141 -0.55994302 -2.29028502 -0.28290069 -191.92921077414857 0.0
2.296840395501209e-78 172.01239239847783 -22.01266822 -3.10927586 -0.48278712 -3.77124859 -0.37015688 -172.91939646543733 0.0
4.660990565330302e-78 171.3918184730898 -22.93470756 -3.96265155 -0.72317558 -2.74240847 -1.85874339 -172.01239239847783 0.0
1.558832265654456e-76 167.46725956236733 -22.22924488 -3.09304866 -0.18595492 -3.86068188 -0.81923085 -171.3918184730898 0.0
4.766365429595471e-76 166.7108960043456 -22.00960798 -2.90502295 -0.66740482 -1.77544631 -1.3241763 -167.46725956236733 0.0
2.1273400136313198e-75 164.9909236320638 -23.03066914 -3.97724705 -0.46751531 -1.59153999 -1.03757491 -166.7108960043456 0.0
3.6802179802155155e-75 164.9441282999596 -22.41639988 -3.23738899 -0.46841225 -2.73957183 -0.02846648 -164.9909236320638 0.0
3.769145136212543e-75 164.93466211627353 -22.59219456 -3.23665272 -0.69089108 -4.95547137 -0.16433008 -164.9441282999596 0.0
4.962179900644745e-75 164.44538777033674 -2.25285034e+01 -3.18485458e+00 -1.44632945e-02 -3.18921653e-02 -1.75428911e+00 -164.93466211627353 0.0
6.670094305590368e-75 164.28246891694542 -23.61916512 -2.97492631 -0.27390269 -2.7001294 -1.2274607 -164.44538777033674 0.0
1.6738258194742963e-74 162.98495293889633 -22.80902588 -3.17918374 -0.16233035 -1.54038404 -1.91254132 -164.28246891694542 0.0
3.975048576645942e-74 162.27408934341196 -23.08350258 -3.70703051 -0.94237076 -3.84646933 -1.54477699 -162.98495293889633 0.0
6.330991175832066e-74 161.94872127016328 -23.61161278 -3.0169546 -0.9172595 -2.02830153 -0.51138324 -162.27408934341196 0.0
3.069077623476318e-73 159.94962096620839 -22.40794348 -3.16684126 -0.2352734 -4.68489845 -0.52564144 -161.94872127016328 0.0
7.414514889095774e-71 154.33499853797127 -22.21688847 -3.09048792 -0.30643089 -3.33997992 -0.586246 -159.94962096620839 0.0
1.95065862650787e-70 153.83360891011588 -22.89870801 -3.79956831 -0.75087623 -2.86887514 -1.857008 -154.33499853797127 0.0
3.133370343097681e-70 153.37015369222297 -22.73778338 -3.98302245 -0.63269506 -4.75115813 -0.95045018 -153.83360891011588 0.0
4.145410319474955e-70 153.21836991747833 -22.93023064 -3.97862637 -0.41604379 -2.52387699 -0.63689894 -153.37015369222297 0.0
1.117068736028312e-69 151.82460886879608 -23.91637979 -2.94731619 -0.76089193 -3.24004241 -0.39113475 -153.21836991747833 0.0
1.998128838137311e-69 151.60828039809357 -22.44890114 -3.1438905 -0.32726612 -3.38006347 -0.67865346 -151.82460886879608 0.0
6.59615593980595e-69 150.00204762869544 -22.92059684 -3.08036069 -0.78950496 -0.6120064 -1.49743131 -151.60828039809357 0.0
1.7735297210601445e-68 149.19507285108986 -23.30791525 -3.66075313 -0.60824724 -3.46310234 -1.07448572 -150.00204762869544 0.0
3.782212953142633e-68 148.45480266631336 -22.69475105 -3.2475521 -0.04551537 -3.20455062 -1.37917722 -149.19507285108986 0.0
6.153862816772213e-68 148.10926720727875 -23.50107408 -3.44549492 -0.82696346 -2.67001664 -1.87108782 -148.45480266631336 0.0
1.103327445946091e-67 147.3796722177751 -23.78946584 -2.97432173 -0.27781514 -0.3546951 -1.91077082 -148.10926720727875 0.0
2.87112510529618e-67 146.32458658180138 -22.86070016 -3.80049422 -0.99536602 -2.42543354 -1.06786984 -147.3796722177751 0.0
5.263773920902924e-67 145.93150517840616 -22.75613095 -3.04891659 -0.8046671 -1.79960889 -1.24802576 -146.32458658180138 0.0
1.1866412055234213e-66 144.9050734993741 -22.13261269 -3.16121036 -0.0455242 -2.16379161 -1.55679868 -145.93150517840616 0.0
3.0642874531572593e-66 143.98019891819442 -23.15168596 -2.83574299 -0.96931048 -4.54724836 -1.66363951 -144.9050734993741 0.0
1.3055721228266144e-65 142.37595787671643 -23.5767241 -2.97140659 -0.41083472 -4.81719728 -0.93727987 -143.98019891819442 0.0
2.787190305111616e-65 141.92215266695214 -23.51789042 -3.00331723 -0.9257661 -1.95636515 -0.66417081 -142.37595787671643 0.0
3.709635243182697e-65 141.7523273148428 -23.54215219 -3.34002312 -0.98761265 -2.66821879 -1.36110886 -141.92215266695214 0.0
5.881753352272747e-65 141.09215752446215 -22.25505177 -3.16563065 -0.72892796 -2.87960712 -0.16866978 -141.7523273148428 0.0
2.645376849516302e-64 139.32587285117057 -23.0725429 -3.60347551 -0.81447731 -3.8051521 -1.89302567 -141.09215752446215 0.0
4.920256539152847e-64 139.1547416263534 -22.91485461 -3.98346367 -0.55415521 -2.94581601 -0.06699551 -139.32587285117057 0.0
5.545947352529039e-64 139.07283921776437 -23.67535732 -3.31954701 -0.94103905 -1.50026754 -0.91934577 -139.1547416263534 0.0
1.0650635277261915e-63 138.07788099973357 -22.67401583 -3.93859403 -0.93321955 -0.61621854 -0.89067627 -139.07283921776437 0.0
3.6143140655824293e-63 136.7785537812417 -22.63101401 -2.92850832 -0.85785035 -4.64678556 -1.78532677 -138.07788099973357 0.0
7.595716126802559e-63 136.2565552596303 -22.84087402 -3.05062079 -0.48122898 -3.56600588 -1.75319597 -136.7785537812417 0.0
2.092826028980916e-62 135.03053914195746 -22.29409379 -3.91909665 -0.87100993 -3.21530641 -1.3541724 -136.2565552596303 0.0
3.8626801393941895e-62 134.6963144493248 -22.36009378 -3.12018471 -0.65025403 -0.19265429 -0.74206817 -135.03053914195746 0.0
8.092609635401224e-62 133.73723005601155 -23.44566919 -2.78851976 -0.80825888 -4.67222504 -1.84177637 -134.6963144493248 0.0
1.2565203446588077e-61 133.59198702488555 -22.3376934 -2.92247598 -0.94594106 -4.16290258 -1.44768404 -133.73723005601155 0.0
1.707287757511314e-61 133.1576527478824 -23.17172229 -3.62226241 -0.88603761 -2.81137316 -0.84838284 -133.59198702488555 0.0
1.3391720922814672e-59 128.29970358359736 -23.84605357 -3.02625724 -0.23732091 -1.60686405 -0.30326372 -133.1576527478824 0.0
3.052920747418591e-59 128.03227346161503 -23.66534937 -2.81639909 -0.89984055 -4.1500808 -1.36346454 -128.29970358359736 0.0
3.8359523514164053e-59 127.82769933872254 -23.43999647 -2.8915932 -0.62296435 -2.51799664 -1.44397913 -128.03227346161503 0.0
5.188684069209909e-59 127.44593674870609 -23.17584629 -3.74271731 -0.95602759 -4.74179238 -0.16475392 -127.82769933872254 0.0
5.362191146075377e-58 124.64507643716921 -22.78300034 -3.78460832 -0.82683118 -2.0878945 -0.91923907 -127.44593674870609 0.0
2.3892245541320457e-57 123.32457197875607 -23.10097721 -3.84369403 -0.19558527 -0.35454251 -0.88793586 -124.64507643716921 0.0
1.71344511174478e-56 121.22990843718199 -22.19655188 -3.95273524 -0.97926182 -4.22769368 -0.89531437 -123.32457197875607 0.0
1.7001053397042525e-55 118.90867303619729 -22.72240927 -3.88328256 -0.5080018 -4.50746047 -0.63347049 -121.22990843718199 0.0
3.436455406435514e-55 118.70280179932159 -22.52858817 -3.80184587 -0.95169738 -4.56516918 -1.09253265 -118.90867303619729 0.0
4.4910269060764816e-55 118.38066227221512 -22.23329945 -3.72987889 -0.90723178 -4.72292166 -1.92752683 -118.70280179932159 0.0
5.3800861187552985e-55 118.30902249339596 -22.24035506 -3.94083727 -0.75380811 -3.90382392 -0.87668828 -118.38066227221512 0.0
7.345146810986853e-55 117.8102772671392 -23.49564373 -3.07326418 -0.18870605 -3.26051414 -1.06967831 -118.30902249339596 0.0
1.0939858134629108e-54 117.47132537431435 -22.56993668 -3.78064646 -0.62886951 -2.67481818 -1.72922825 -117.8102772671392 0.0
1.521296830635601e-54 117.14133717770372 -23.41546575 -3.06069648 -0.42733908 -1.06277054 -0.63361584 -117.47132537431435 0.0
2.7799969518036366e-54 116.37414163755541 -22.26448507 -3.21242784 -0.09452542 -0.33648125 -0.9052741 -117.14133717770372 0.0
4.3661246851157077e-54 116.10489590644548 -23.51640763 -3.47611082 -0.71009873 -0.79618467 -0.37824494 -116.37414163755541 0.0
5.558231476805075e-54 115.87811084082452 -22.94644205 -3.85638661 -0.26387001 -0.73900278 -0.53348156 -116.10489590644548 0.0
7.521061942630955e-54 115.51246617930528 -22.00870069 -3.79237003 -0.71692808 -4.06138643 -1.77672844 -115.87811084082452 0.0
1.0016760640962951e-53 115.27754760034892 -22.62851195 -3.62217214 -0.96484699 -2.97985624 -1.87711938 -115.51246617930528 0.0
2.238977606012758e-53 114.1727896759059 -22.2462701 -3.87065698 -0.71630186 -4.44037376 -1.12873138 -115.27754760034892 0.0
3.5559779350143253e-53 114.05693380976119 -23.70708409 -3.26580196 -0.70215154 -3.49350877 -1.15046493 -114.1727896759059 0.0
3.872801681495802e-53 113.99181560838866 -22.08928045 -3.14090957 -0.32228132 -0.51646216 -0.94151457 -114.05693380976119 0.0
4.784731683657831e-53 113.65347026368342 -22.92651295 -3.58067761 -0.77072113 -1.79819644 -1.80023855 -113.99181560838866 0.0
5.6684856491298285e-53 113.61670151387992 -22.74523869 -3.23263379 -0.15314776 -2.43229223 -1.78653798 -113.65347026368342 0.0
6.235935671769968e-53 113.46043369195912 -23.23380599 -3.77261661 -0.11336713 -1.53786028 -1.64479148 -113.61670151387992 0.0
9.235903522165223e-53 112.89575699196001 -22.0285199 -3.20976904 -0.10799646 -0.89763398 -1.88279676 -113.46043369195912 0.0
1.21317703504942e-52 112.8294135343827 -22.44546494 -3.96590756 -0.2372176 -3.83501741 -1.70306963 -112.89575699196001 0.0
1.270242830740495e-52 112.79503716652273 -22.30169258 -3.8560667 -0.5357604 -1.93625155 -1.50364163 -112.8294135343827 0.0
1.491561295128033e-52 112.51890534715089 -22.98771656 -3.769626 -0.51728094 -0.31879207 -1.54176391 -112.79503716652273 0.0
1.7529585663980236e-52 112.44640198164419 -22.98941441 -3.79362801 -0.25980911 -3.53276564 -1.19021603 -112.51890534715089 0.0
2.104277818063393e-52 112.16412673432978 -23.7300546 -3.10596257 -0.97459606 -1.9266856 -1.91045955 -112.44640198164419 0.0
2.8788322955103735e-52 111.82102543250735 -22.57905853 -3.19615044 -0.36948437 -4.37635749 -0.87042818 -112.16412673432978 0.0
1.0219770344377047e-51 110.19312185652379 -22.23505127 -3.91975598 -0.68205615 -0.49642521 -1.42248635 -111.82102543250735 0.0
2.789878650098551e-51 109.36941369261939 -22.39063906 -3.28421077 -0.79794767 -0.89438516 -0.16137286 -110.19312185652379 0.0
4.2956281950066596e-51 109.16711723341571 -23.65318297 -3.33982368 -0.66430039 -0.63157833 -1.13698102 -109.36941369261939 0.0
4.872346118060128e-51 109.10037401438602 -22.13368512 -3.75515476 -0.77675804 -1.56995854 -1.72287828 -109.16711723341571 0.0
5.345918168841382e-51 108.97634743794296 -22.10650414 -3.89788328 -0.52311155 -2.5153117 -1.06619591 -109.10037401438602 0.0
2.5890714779390737e-50 106.87738119519966 -22.15773695 -3.93743125 -0.26763435 -0.90211442 -1.73270922 -108.97634743794296 0.0
5.06218245851266e-50 106.69200849650677 -22.53147743 -3.83311641 -0.4934158 -2.71274318 -1.06835553 -106.87738119519966 0.0
8.137000579376519e-50 106.02181877834616 -22.70884454 -3.04605277 -0.89687119 -4.18735884 -1.42933888 -106.69200849650677 0.0
1.421497099445689e-49 105.52026826582227 -22.63857074 -3.34124721 -0.65465631 -1.0218894 -0.14583389 -106.02181877834616 0.0
1.879140729442476e-49 105.39717255933581 -22.69627553 -3.76714514 -0.49252985 -2.11219811 -1.28595511 -105.52026826582227 0.0
1.3020215281818033e-48 102.90336024361923 -22.15749196 -2.96205289 -0.95972095 -4.11592878 -1.31915481 -105.39717255933581 0.0
2.9018326990993236e-48 102.55098378809375 -22.0735815 -3.95657673 -0.17978189 -4.03862546 -0.90790111 -102.90336024361923 0.0
6.394625232627947e-48 101.53290850891311 -23.39360137 -3.41722996 -0.6307691 -1.02801174 -1.35632358 -102.55098378809375 0.0
1.0827874921116088e-47 101.2596337635224 -23.66417376 -3.29225282 -0.58989589 -4.94643397 -1.67572074 -101.53290850891311 0.0
1.995300773416217e-47 100.4452258978261 -23.82906901 -2.93478374 -0.57889872 -4.27635113 -0.7339493 -101.2596337635224 0.0
4.4467049860836285e-47 99.64389866703698 -22.12651941 -3.7407824 -0.87676237 -1.01366078 -1.904066 -100.4452258978261 0.0
7.058461762743384e-47 99.37475751696275 -23.34817921 -3.03894059 -0.63546997 -4.21825758 -0.74679764 -99.64389866703698 0.0
8.963936970981424e-47 99.15224727609966 -22.85977171 -3.39198354 -0.02871666 -3.20597913 -0.03562876 -99.37475751696275 0.0
1.1234161762118e-46 98.91675403405821 -22.06860075 -3.99619881 -0.54114906 -1.27123254 -0.19998843 -99.15224727609966 0.0
1.796055324079363e-46 98.28895101826114 -22.94027695 -3.81083369 -0.46234032 -3.55868309 -0.12101282 -98.91675403405821 0.0
2.5394966446524467e-46 98.12572017434739 -22.56386403 -3.14106163 -0.46544316 -4.75055892 -1.32394002 -98.28895101826114 0.0
4.790070841106878e-46 97.20849580942888 -22.52814967 -3.66106665 -0.81314773 -3.29021368 -1.44452705 -98.12572017434739 0.0
1.1341673195258584e-45 96.36382266132725 -23.849567 -2.96612547 -0.22692309 -2.58805803 -1.11720651 -97.20849580942888 0.0
1.655789923828376e-45 96.27253075185203 -22.43508497 -3.28029431 -0.05467004 -1.8942538 -1.83887202 -96.36382266132725 0.0
2.4732922265374917e-45 95.64736810796228 -22.00774302 -3.81463593 -0.77016758 -2.38838693 -0.6430034 -96.27253075185203 0.0
3.636688440595731e-45 95.41124951331062 -22.02045686 -3.83609286 -0.55379591 -3.04255839 -0.63855529 -95.64736810796228 0.0
6.93136406979583e-45 94.52553884288001 -22.27049151 -3.89221392 -0.99922075 -2.37451983 -0.53001416 -95.41124951331062 0.0
1.479732843127568e-44 93.81880987337534 -22.27094146 -3.85367469 -0.68791897 -0.97371669 -0.72784165 -94.52553884288001 0.0
2.290282231142131e-44 93.54083255154663 -22.55785511 -3.84787333 -0.28500468 -1.53118646 -0.980945 -93.81880987337534 0.0
2.896744023459169e-44 93.3325691324123 -23.47565579 -3.46552526 -0.75226801 -1.16464115 -0.16685465 -93.54083255154663 0.0
3.7116621561818126e-44 93.0466131820253 -2.28415794e+01 -3.83768693e+00 -7.12597249e-01 -2.79312779e+00 -1.72278681e-02 -93.3325691324123 0.0
6.563842961804476e-44 92.30018809748532 -22.0586087 -3.93346939 -0.0315258 -1.05333344 -0.68005563 -93.0466131820253 0.0
9.677031952103327e-44 92.1330753783202 -22.47875741 -3.87911606 -0.32028264 -1.27906701 -0.58615113 -92.30018809748532 0.0
1.2759095310773984e-43 91.76578914550564 -22.46972385 -3.76250412 -0.43395209 -2.20696363 -1.7069945 -92.1330753783202 0.0
2.331355564243962e-43 91.02141256080185 -23.77742558 -3.15799638 -0.76907611 -1.18192782 -0.92859552 -91.76578914550564 0.0
3.3338212406781412e-43 90.9101219900481 -23.03111282 -3.68837533 -0.27987349 -1.60008409 -1.86426207 -91.02141256080185 0.0
3.5716968330611617e-43 90.87283798045989 -23.39347117 -3.52515467 -0.30786879 -3.67756293 -1.15102892 -90.9101219900481 0.0
3.852299845630982e-43 90.75405653706952 -23.0317263 -3.6351079 -0.8503579 -2.51946342 -0.47288543 -90.87283798045989 0.0
5.448014435400311e-43 90.23482382628113 -22.02934722 -3.27934831 -0.33749765 -3.16065625 -0.34841702 -90.75405653706952 0.0
7.981782508287052e-43 89.93759934586153 -22.28030162 -3.29260764 -0.36928707 -0.56493893 -0.36097783 -90.23482382628113 0.0
9.257671192556099e-43 89.90846565634655 -22.52424991 -3.99807254 -0.03869068 -2.84405664 -0.05651092 -89.93759934586153 0.0
1.163065558494764e-42 89.51205106195765 -22.32524374 -3.98321244 -0.66195717 -2.08934572 -0.04160683 -89.90846565634655 0.0
1.9478080656622507e-42 88.91731393215835 -22.86120345 -3.73945131 -0.5768886 -0.2457471 -1.44571826 -89.51205106195765 0.0
2.5184436416989485e-42 88.90308998614837 -22.05041393 -2.99256775 -0.93162387 -3.71354565 -1.47104834 -88.91731393215835 0.0
6.266375487242712e-42 87.52659072157387 -23.93326124 -3.0408778 -0.86559658 -2.59708894 -0.27338603 -88.90308998614837 0.0
1.0255574787805582e-41 87.47022795470541 -22.25279072 -3.11104902 -0.65212345 -3.88834892 -1.18317749 -87.52659072157387 0.0
1.0918348976203111e-41 87.39401759377316 -22.01903426 -3.06070918 -0.95144053 -0.99351246 -1.55238495 -87.47022795470541 0.0
1.476596074360257e-41 86.91407459245717 -23.52887648 -3.40383213 -0.62046914 -0.4219954 -0.57057275 -87.39401759377316 0.0
1.9510485220463323e-41 86.7764669368845 -22.63748992 -3.84355146 -0.81425252 -2.51191793 -0.20386544 -86.91407459245717 0.0
3.3850235453140565e-41 85.96114939786328 -22.41446501 -3.907041 -0.08623742 -2.50755036 -1.31280727 -86.7764669368845 0.0
5.30144169819265e-41 85.72355032571502 -22.14218642 -3.93501023 -0.0244178 -0.15979019 -0.243864 -85.96114939786328 0.0
6.919272890154458e-41 85.42815680294635 -22.72653504 -3.32519507 -0.05230415 -0.87839058 -1.16052598 -85.72355032571502 0.0
1.4401546193917901e-40 84.45551509020692 -2.23004703e+01 -3.94018242e+00 -5.32512361e-03 -4.23370876e+00 -8.96376344e-01 -85.42815680294635 0.0
2.1182244142883105e-40 84.42107970707032 -22.14567704 -3.74115471 -0.99002251 -0.45805993 -1.02489941 -84.45551509020692 0.0
2.5531617100507333e-40 84.09947308380409 -22.34913549 -3.944847 -0.99186971 -4.6831321 -0.07088748 -84.42107970707032 0.0
3.1270231802435603e-40 83.98511809224122 -22.45538812 -3.25289853 -0.278946 -2.05566857 -0.89162642 -84.09947308380409 0.0
3.671424902894631e-40 83.77793674087374 -22.43114522 -3.82326978 -0.28187557 -0.5603336 -1.27351659 -83.98511809224122 0.0
4.195962855039072e-40 83.700822455618 -23.85247978 -3.11715805 -0.60121479 -3.59511858 -0.09866519 -83.77793674087374 0.0
4.749283822903143e-40 83.52816761008071 -22.04003242 -3.73364117 -0.07972639 -0.86439738 -1.58010044 -83.700822455618 0.0
7.62258402951029e-40 82.85150177284476 -22.73103393 -3.02134126 -0.72151485 -2.87797699 -1.94092263 -83.52816761008071 0.0
1.2668640470898222e-39 82.43488704701329 -23.46223606 -3.36433261 -0.57138233 -0.82211876 -1.28705882 -82.85150177284476 0.0
1.5539589405712478e-39 82.3923655109016 -22.10234629 -3.17524393 -0.65681138 -4.33683658 -0.83863507 -82.43488704701329 0.0
1.5908209582431378e-39 82.37960298034913 -22.28131936 -3.23109913 -0.26974207 -0.73996157 -1.49563651 -82.3923655109016 0.0
5.4407151989173674e-39 80.61762410549673 -22.06817536 -3.72774861 -0.13763345 -0.42893283 -0.85824012 -82.37960298034913 0.0
1.0395840765208965e-38 80.39625097889953 -22.12009642 -3.617677 -0.8491511 -3.1062437 -1.16790744 -80.61762410549673 0.0
1.4557984290934108e-38 79.96919730063603 -22.41543047 -3.18837566 -0.38570087 -3.78023518 -1.34587268 -80.39625097889953 0.0
1.9750987019804678e-38 79.74538475020063 -22.01726978 -3.63317444 -0.77591305 -0.37161324 -0.4148713 -79.96919730063603 0.0
2.2510722421252867e-38 79.68796390555676 -23.84131977 -2.89253187 -0.85224761 -0.63951496 -1.78067759 -79.74538475020063 0.0
2.3898764336008087e-38 79.61812561467167 -22.13854188 -3.71378335 -0.82277416 -0.68220232 -0.81387764 -79.68796390555676 0.0
2.469607208475312e-38 79.613132098014 -22.36286701 -3.83827618 -0.15240771 -1.8716208 -1.43233442 -79.61812561467167 0.0
2.5822654128304015e-38 79.52295183463372 -22.29749191 -3.3886609 -0.66250645 -2.96501229 -0.04644297 -79.613132098014 0.0
3.082129104557008e-38 79.26570686190641 -22.09055072 -3.27653463 -0.35417048 -1.55121172 -0.78153028 -79.52295183463372 0.0
4.83602437650024e-38 78.68162672457811 -22.18084529 -3.87746582 -0.12541169 -4.53878094 -0.40896681 -79.26570686190641 0.0
6.260165358252683e-38 78.65753866582403 -23.43358224 -3.06242861 -0.93096917 -1.47438681 -0.73074408 -78.68162672457811 0.0
6.347427997879951e-38 78.64584562584265 -22.36411004 -3.75653328 -0.31647117 -2.14558444 -1.51412412 -78.65753866582403 0.0
7.051300001306825e-38 78.44887914085113 -22.14469098 -3.06652673 -0.75473477 -1.31069968 -1.94661223 -78.64584562584265 0.0
8.788982007587882e-38 78.20271551828918 -22.39307745 -3.38128082 -0.46329588 -2.69374196 -0.08523003 -78.44887914085113 0.0
1.2349415688017802e-37 77.78821334426276 -22.52701337 -3.90720981 -0.29567692 -2.40063354 -0.03845594 -78.20271551828918 0.0
1.4897401679511553e-37 77.77695802071734 -22.63794753 -3.35674812 -0.10184409 -3.61020899 -0.68300558 -77.78821334426276 0.0
1.5409838335521645e-37 77.71356349057628 -22.62032096 -3.33819296 -0.9398473 -0.38271055 -0.36507197 -77.77695802071734 0.0
1.6277014895254032e-37 77.6592122042149 -22.00993376 -3.53953125 -0.38346085 -1.32198185 -1.06556588 -77.71356349057628 0.0
2.046976195702503e-37 77.2818438960543 -22.64601712 -3.8047924 -0.27231977 -1.77012117 -0.51726826 -77.6592122042149 0.0
2.9951133506104823e-37 76.89229795998212 -22.08296972 -3.67325347 -0.39925304 -3.60304415 -0.7557823 -77.2818438960543 0.0
3.7454093114906046e-37 76.79159723898755 -22.71537532 -3.54170416 -0.79188486 -2.08045493 -1.42559289 -76.89229795998212 0.0
4.509992847654342e-37 76.5276210204129 -23.6042099 -3.28929284 -0.87497524 -2.03028162 -0.05021886 -76.79159723898755 0.0
5.686091571232972e-37 76.31415767013793 -22.42882436 -3.10855617 -0.92060525 -4.02182073 -1.21300652 -76.5276210204129 0.0
7.038863039829825e-37 76.0935609518371 -22.43007019 -3.33976466 -0.90651036 -0.96462692 -0.2480952 -76.31415767013793 0.0
9.286705042584485e-37 75.76639850049582 -22.11277797 -3.42107843 -0.08961164 -0.69266249 -0.3996749 -76.0935609518371 0.0
1.1456859025923627e-36 75.64274701566302 -22.11970752 -3.77848793 -0.65636461 -0.85983565 -0.24433673 -75.76639850049582 0.0
1.380960393384563e-36 75.39620098223256 -22.22705008 -3.84949485 -0.0222291 -3.2037319 -1.01112672 -75.64274701566302 0.0
1.5657188576033488e-36 75.36866293265984 -22.07836509 -3.53878229 -0.91515955 -2.39698323 -1.02378017 -75.39620098223256 0.0
1.843358644338399e-36 75.0820112915741 -22.69127657 -3.30830907 -0.13666047 -1.70837918 -1.14097772 -75.36866293265984 0.0
2.375336239975516e-36 74.8468952341053 -22.84272602 -3.69177235 -0.36332484 -3.73054298 -0.77096888 -75.0820112915741 0.0
2.855506236760288e-36 74.6975868693379 -23.250317 -3.55483142 -0.28278492 -0.80616846 -1.85453556 -74.8468952341053 0.0
3.244376121936458e-36 74.58136994812469 -22.88920213 -3.70535061 -0.92930615 -4.7982609 -0.2046716 -74.6975868693379 0.0
3.589755891185562e-36 74.4861707395955 -22.46625589 -3.78609095 -0.19906751 -3.06634724 -1.78278297 -74.58136994812469 0.0
3.9319954234973755e-36 74.39124714517413 -22.37545509 -3.27168665 -0.73335609 -2.44201322 -0.56803747 -74.4861707395955 0.0
4.4516711688678417e-36 74.23385643560398 -22.65812588 -3.7501065 -0.28172812 -0.77026514 -1.11634262 -74.39124714517413 0.0
5.11239192531129e-36 74.10448239574724 -22.04082184 -3.19494244 -0.71199752 -2.95414359 -1.79571648 -74.23385643560398 0.0
6.229479639029221e-36 73.84342909942521 -22.11451197 -3.45212923 -0.28938294 -2.71920904 -0.03293716 -74.10448239574724 0.0
7.030301643616951e-36 73.8376440557076 -23.12535462 -3.60437736 -0.8536061 -3.02520459 -0.16317267 -73.84342909942521 0.0
8.598444240985085e-36 73.46690094653901 -23.18651222 -3.5609041 -0.62871008 -2.75951226 -0.29346553 -73.8376440557076 0.0
1.0547659814572264e-35 73.38838763839809 -23.51594981 -3.22619934 -0.74979566 -4.47588572 -0.17982735 -73.46690094653901 0.0
1.4327450199361664e-35 72.90312978120778 -22.33814153 -3.78905543 -0.85858321 -3.82657776 -0.49603587 -73.38838763839809 0.0
1.8652705772892745e-35 72.79727559867067 -23.55120752 -3.11283617 -0.134435 -3.36971587 -1.54453143 -72.90312978120778 0.0
2.3253695127189396e-35 72.47694421700152 -22.05146296 -3.42097614 -0.35111398 -1.151772 -1.85107425 -72.79727559867067 0.0
2.831937923515785e-35 72.3723182454738 -22.18599223 -3.36416756 -0.6322369 -1.98621891 -0.34728781 -72.47694421700152 0.0
4.112493421230994e-35 71.80068953559281 -22.38577696 -3.35618692 -0.15954836 -4.16102799 -0.53445912 -72.3723182454738 0.0
6.71297940472352e-35 71.35332763075037 -22.09325114 -3.43081695 -0.98932264 -1.18201416 -1.41987082 -71.80068953559281 0.0
8.534231954001878e-35 71.2649510556604 -22.1775196 -3.44670612 -0.0727622 -0.24817381 -1.75577069 -71.35332763075037 0.0
1.1000738909371968e-34 70.87367081578952 -22.65874126 -3.61926363 -0.49514954 -3.45547489 -1.62005011 -71.2649510556604 0.0
1.3332817356442055e-34 70.83477971736166 -22.17273894 -3.48878547 -0.95479123 -1.28070395 -1.59375661 -70.87367081578952 0.0
1.9720317915106633e-34 70.18592395146445 -22.4647472 -3.83099278 -0.48889336 -4.0861825 -0.25285484 -70.83477971736166 0.0
2.9607203758557193e-34 69.92727971996926 -22.28552435 -3.90015333 -0.04740915 -0.14767359 -0.04862974 -70.18592395146445 0.0
3.9375316631492194e-34 69.61526018750656 -22.42642832 -3.03192917 -0.89262114 -3.81066075 -1.72700683 -69.92727971996926 0.0
4.7846612834378785e-34 69.50819663004555 -22.39533666 -3.84872721 -0.86290933 -3.40858458 -0.17010904 -69.61526018750656 0.0
5.2337373734440545e-34 69.42665296216403 -22.26281432 -3.01496409 -0.89150007 -1.96616326 -1.98875909 -69.50819663004555 0.0
5.5869340302657636e-34 69.36877789568331 -22.15602377 -3.5709519 -0.27744389 -3.87586921 -1.92997794 -69.42665296216403 0.0
5.822451743220278e-34 69.33552651238156 -23.17672661 -2.97137622 -0.94405717 -3.490695 -1.21693937 -69.36877789568331 0.0
6.593355133991034e-34 69.12309614949926 -22.14189462 -3.42246997 -0.81883115 -0.42594846 -1.77088843 -69.33552651238156 0.0
7.435577835364478e-34 69.07639915459316 -22.11211898 -3.36899082 -0.29641204 -2.51066449 -1.86631713 -69.12309614949926 0.0
7.667742666101626e-34 69.05320950114651 -22.10268012 -3.24807609 -0.54774911 -2.39027963 -1.87116512 -69.07639915459316 0.0
8.009056789245514e-34 68.98243133140359 -22.11141819 -3.46407287 -0.61958171 -2.91706442 -1.28693151 -69.05320950114651 0.0
8.658776059535109e-34 68.89010294869603 -22.19280247 -3.76264055 -0.57463632 -4.27107466 -0.28239391 -68.98243133140359 0.0
9.588648108224448e-34 68.77180067142174 -23.91050316 -2.93110671 -0.92957142 -3.72796022 -0.85690154 -68.89010294869603 0.0
1.0578621856933865e-33 68.68403660527837 -22.31299978 -3.61923191 -0.84353753 -3.57462299 -1.11679005 -68.77180067142174 0.0
1.4701218182584317e-33 68.16923694243378 -22.15708841 -3.21235214 -0.83895666 -0.84645065 -1.53770263 -68.68403660527837 0.0
2.025517179746235e-33 67.97862659379561 -22.18221673 -3.56166329 -0.5592537 -3.12374016 -1.23644816 -68.16923694243378 0.0
2.38226619225181e-33 67.83302455255333 -22.56966603 -3.72840109 -0.57072965 -0.25866097 -1.1763943 -67.97862659379561 0.0
3.150308132949777e-33 67.44404190811368 -23.29124561 -3.27327535 -0.86967073 -2.19457424 -1.37231026 -67.83302455255333 0.0
4.012442233517139e-33 67.30825600473987 -22.19273309 -3.5518133 -0.83284458 -2.45649165 -1.08455767 -67.44404190811368 0.0
4.521984659823502e-33 67.19552552913663 -22.16628195 -3.72140123 -0.51124955 -1.51892809 -0.25993456 -67.30825600473987 0.0
5.1044875054341374e-33 67.05938822230112 -22.71437979 -3.73827828 -0.23616146 -2.38235458 -0.80185358 -67.19552552913663 0.0
5.5370219863390446e-33 67.02061404863846 -22.13663877 -3.59466804 -0.23393875 -3.18230196 -1.22633069 -67.05938822230112 0.0
6.488529913449597e-33 66.75187154218261 -22.47132714 -3.7395597 -0.27963813 -3.62818559 -0.93838193 -67.02061404863846 0.0
7.454553484702569e-33 66.71734827125852 -23.41780955 -3.24187084 -0.9363225 -4.35432392 -0.97470463 -66.75187154218261 0.0
7.635617370524424e-33 66.69570912268539 -22.82029569 -3.65252232 -0.96449278 -3.2220374 -0.43151572 -66.71734827125852 0.0
8.288190621900383e-33 66.55049830979343 -22.36233303 -3.42604289 -0.65288752 -1.11436365 -0.0552664 -66.69570912268539 0.0
8.948006112151425e-33 66.52937165849973 -22.1803558 -3.64213063 -0.54140283 -2.3096494 -0.65434921 -66.55049830979343 0.0
9.662883375806914e-33 66.39330493167257 -23.09848508 -3.43936813 -0.77691557 -4.68998513 -0.97761959 -66.52937165849973 0.0
1.1220505997536264e-32 66.22493922741205 -22.11164587 -3.3362568 -0.69725276 -3.3108657 -1.25065056 -66.39330493167257 0.0
1.361551429530807e-32 66.00353832766335 -22.78120931 -3.66535872 -0.69800831 -0.29526387 -1.23968109 -66.22493922741205 0.0
1.5151772980966574e-32 65.99094985216219 -22.00808392 -3.57853588 -0.17514265 -3.78006127 -0.74769588 -66.00353832766335 0.0
1.542416902753407e-32 65.96011605335197 -22.25782544 -3.73919527 -0.16030385 -2.53036214 -0.93756177 -65.99094985216219 0.0
1.594604164688635e-32 65.91665055490733 -22.76606971 -3.5586285 -0.90626208 -2.1860611 -0.9288176 -65.96011605335197 0.0
1.6326267742899339e-32 65.90456683373985 -23.58957473 -3.19717102 -0.78829794 -3.32295845 -0.77345465 -65.91665055490733 0.0
1.7256175067307982e-32 65.80054449991252 -23.29658302 -3.49391464 -0.35634502 -1.60182954 -0.65334075 -65.90456683373985 0.0
1.8820251378160617e-32 65.72189789870149 -23.98482512 -2.89765944 -0.83151025 -4.35835904 -0.77023071 -65.80054449991252 0.0
2.0802371715976884e-32 65.59478425855622 -23.61045739 -2.99105629 -0.36190003 -2.53201276 -1.93039559 -65.72189789870149 0.0
2.412727607141473e-32 65.42087659777552 -23.2702891 -3.31893557 -0.94893877 -4.59503898 -0.99016437 -65.59478425855622 0.0
2.759424744404507e-32 65.31359598528125 -22.87825044 -3.61202997 -0.77056795 -2.63513175 -0.53014296 -65.42087659777552 0.0
2.912534786308903e-32 65.30204693536479 -22.60751087 -3.59133516 -0.50846746 -3.77617698 -1.79940438 -65.31359598528125 0.0
3.124312343338044e-32 65.16958128865983 -22.18580134 -3.58620595 -0.39262654 -3.3315614 -1.12271852 -65.30204693536479 0.0
3.555576816473783e-32 65.03556017513137 -22.3789132 -3.71411181 -0.25756727 -1.18062615 -1.27071003 -65.16958128865983 0.0
3.9367494389789e-32 64.95505393966684 -22.22468645 -3.40447073 -0.92761027 -1.99015014 -0.34527596 -65.03556017513137 0.0
4.39552767902306e-32 64.81069702845308 -22.31815045 -3.62775025 -0.4991245 -2.98408892 -1.18865168 -64.95505393966684 0.0
4.736215296867629e-32 64.79264461866579 -22.23464192 -3.61916217 -0.25046231 -2.12124273 -1.7894639 -64.81069702845308 0.0
5.16109300410715e-32 64.63687164898315 -22.69527566 -3.29174748 -0.30839017 -2.18205953 -0.88176035 -64.79264461866579 0.0
5.544172232324416e-32 64.63540303769274 -22.52380081 -3.77352654 -0.43629502 -1.09067602 -0.38604115 -64.63687164898315 0.0
5.850551654723243e-32 64.52438924419731 -22.59937882 -3.29230186 -0.3876473 -4.74163838 -0.86815933 -64.63540303769274 0.0
6.24165288709998e-32 64.49513534774782 -22.9516269 -3.67108627 -0.32195918 -0.84467996 -0.44125175 -64.52438924419731 0.0
7.628253177104923e-32 64.14538950826719 -23.16816361 -3.17371826 -0.63087047 -0.52927214 -0.47538498 -64.49513534774782 0.0
9.03201572772187e-32 64.11906522533877 -22.70361268 -3.62601462 -0.41662239 -1.43225111 -1.47004697 -64.14538950826719 0.0
1.0645185055478468e-31 63.82946256095097 -2.29608529e+01 -3.37884310e+00 -1.41489926e-01 -2.39854269e-01 -4.73474234e-03 -64.11906522533877 0.0
1.289618528064129e-31 63.710098701252164 -22.40469834 -3.41310327 -0.02479471 -0.31545539 -0.82427206 -63.82946256095097 0.0
1.6565456810272855e-31 63.34947948078885 -22.3700875 -3.4130329 -0.07147679 -3.7174393 -0.61046961 -63.710098701252164 0.0
1.9663094213237952e-31 63.327055708682494 -22.35079626 -3.75089349 -0.08776917 -2.46973781 -1.67617806 -63.34947948078885 0.0
2.10152957378983e-31 63.211681582663054 -22.15894658 -3.4162684 -0.98289417 -0.62706825 -0.90643737 -63.327055708682494 0.0
2.321007193779736e-31 63.11921109237712 -22.17201214 -3.2628454 -0.91031535 -4.00759272 -1.86764453 -63.211681582663054 0.0
2.424289889329184e-31 63.114491321186215 -22.89155323 -3.5434324 -0.74640641 -2.8817516 -0.62899981 -63.11921109237712 0.0
2.8237482710697025e-31 62.82679041088562 -22.52067077 -3.67452084 -0.32709375 -4.41473131 -1.53266206 -63.114491321186215 0.0
3.697110375279741e-31 62.56411306465052 -23.1181266 -3.47825778 -0.51621989 -4.74912946 -1.04203918 -62.82679041088562 0.0
4.572290361201449e-31 62.38471555258598 -22.25443313 -3.60357135 -0.41595896 -0.54400925 -1.24503475 -62.56411306465052 0.0
5.3958925895975385e-31 62.22334909415292 -22.26274563 -3.69139773 -0.63838496 -0.71959028 -0.50667146 -62.38471555258598 0.0
5.967856028750092e-31 62.169455409359315 -22.40592588 -3.81927145 -0.0323364 -4.12653333 -0.68466034 -62.22334909415292 0.0
7.519546861331881e-31 61.78847238644223 -23.38888611 -3.52811415 -0.1377711 -3.56118688 -1.26727108 -62.169455409359315 0.0
1.014397739730025e-30 61.54182363188792 -22.16030251 -3.47591306 -0.29325037 -1.40451717 -1.06228702 -61.78847238644223 0.0
1.1737864550933305e-30 61.474568956417045 -22.63728543 -3.60318137 -0.6126495 -4.20462999 -0.99052336 -61.54182363188792 0.0
1.2533239674115622e-30 61.40286531014889 -22.31138201 -3.72752665 -0.26651464 -3.66486597 -0.64829321 -61.474568956417045 0.0
1.337723376257558e-30 61.33607486897599 -23.06262276 -3.63990768 -0.53040616 -4.51378511 -0.06668366 -61.40286531014889 0.0
1.4090422176811709e-30 61.2904056106531 -22.53988179 -3.07692953 -0.9466455 -1.30355092 -1.97826419 -61.33607486897599 0.0
1.5375942888800108e-30 61.157372917880735 -22.87801678 -3.61173536 -0.47903893 -0.59470568 -0.90847138 -61.2904056106531 0.0
1.6628694095979774e-30 61.12166784817856 -22.37733533 -3.50436879 -0.83960715 -3.67652112 -1.49571053 -61.157372917880735 0.0
1.8705939768630897e-30 60.92345366733171 -23.325104 -3.45720253 -0.37759941 -2.35035071 -0.67925622 -61.12166784817856 0.0
2.2108058025343104e-30 60.775167680928796 -22.54320065 -3.71094936 -0.2227365 -2.36469164 -1.59284888 -60.92345366733171 0.0
3.4505561486230014e-30 60.123850944365124 -23.02488198 -3.4873601 -0.93024248 -3.5691553 -0.69509183 -60.775167680928796 0.0
5.096707071797326e-30 59.89580782090584 -23.15634842 -3.19317383 -0.19990699 -1.63358292 -0.98021438 -60.123850944365124 0.0
6.110926351186766e-30 59.745564586280885 -22.71058632 -3.57680493 -0.65917284 -3.56559483 -0.96011322 -59.89580782090584 0.0
7.082492954011226e-30 59.59291079973277 -23.5075173 -3.18463742 -0.70850351 -3.3669702 -0.45178391 -59.745564586280885 0.0
8.150098491611742e-30 59.4556581678526 -23.55194188 -3.23856003 -0.55869415 -1.99761544 -1.4036429 -59.59291079973277 0.0
9.830323430850905e-30 59.21927417488398 -22.27426977 -3.46510906 -0.68560399 -3.68060585 -1.55398469 -59.4556581678526 0.0
1.1501359378852044e-29 59.12210968851068 -22.21479521 -3.51551513 -0.05435445 -1.18348423 -0.60623278 -59.21927417488398 0.0
1.39322116887284e-29 58.84464011541965 -22.19881182 -3.49294496 -0.28106285 -4.41220637 -1.33368867 -59.12210968851068 0.0
1.7279310998875847e-29 58.67178729143344 -2.22290919e+01 -3.72296963e+00 -5.87948924e-01 -1.61308932e+00 -5.96959999e-03 -58.84464011541965 0.0
1.8740537006778933e-29 58.66684385363767 -23.44765563 -3.18067783 -0.08877199 -0.33330011 -1.40571809 -58.67178729143344 0.0
1.9550980598686138e-29 58.58096724784379 -22.84591884 -3.66709761 -0.76208892 -0.07930053 -1.66700375 -58.66684385363767 0.0
2.064997837810819e-29 58.54791216928605 -23.76407544 -3.02141957 -0.23230103 -1.93683491 -1.35687068 -58.58096724784379 0.0
2.2530626571910511e-29 58.40359017055628 -22.29113263 -3.5565849 -0.45756606 -0.73728842 -1.96024027 -58.54791216928605 0.0
2.986368680847456e-29 58.00972447785817 -23.14482899 -3.5125262 -0.3369654 -1.82051144 -1.84657441 -58.40359017055628 0.0
4.48737747376486e-29 57.58699702233339 -22.26251894 -3.52433798 -0.40451918 -3.55336042 -1.51368053 -58.00972447785817 0.0
5.441243853540612e-29 57.57197250118489 -22.2254456 -3.46287435 -0.43587997 -0.62345708 -0.61641703 -57.58699702233339 0.0
5.640600414646325e-29 57.50801339954396 -22.45485294 -3.73142062 -0.13434551 -2.59118601 -1.36302134 -57.57197250118489 0.0
6.067729676693114e-29 57.41895992640909 -22.33708702 -3.42198497 -0.9514257 -1.44912771 -1.75830712 -57.50801339954396 0.0
6.678638674700973e-29 57.30919843872516 -22.33441073 -3.47390235 -0.70358694 -0.47738181 -0.08376099 -57.41895992640909 0.0
7.223866437463726e-29 57.25183570332021 -22.23229097 -3.56322579 -0.46268964 -3.44421649 -0.03179657 -57.30919843872516 0.0
7.686955459314004e-29 57.17750393545347 -22.22996139 -3.24562189 -0.96852142 -3.68282589 -1.80256104 -57.25183570332021 0.0
8.047766067062068e-29 57.15090800705937 -22.80616036 -3.64201715 -0.7357716 -2.63553748 -0.40615168 -57.17750393545347 0.0
8.49943905753006e-29 57.06210276286868 -22.89892832 -3.53651473 -0.55249613 -1.73582103 -0.98515595 -57.15090800705937 0.0
9.584446971629653e-29 56.906701335856596 -22.36522016 -3.6566284 -0.25230877 -3.51401079 -1.25659081 -57.06210276286868 0.0
1.1258419406736884e-28 56.73361835825163 -22.2546928 -3.53397003 -0.92559988 -4.49662501 -0.78238472 -56.906701335856596 0.0
1.2529073103856632e-28 56.67813557693589 -22.21690825 -3.35954289 -0.55249246 -1.04707059 -1.86703217 -56.73361835825163 0.0
1.4825704605050382e-28 56.406617631355104 -22.72599317 -3.39681229 -0.9585116 -4.94548376 -1.64101751 -56.67813557693589 0.0
1.8227991879384317e-28 56.245100342553194 -22.7007686 -3.66162614 -0.41351693 -4.62528032 -0.65064012 -56.406617631355104 0.0
1.997462295496777e-28 56.20942843609448 -23.3602388 -3.25287034 -0.73504015 -2.25656195 -1.31453171 -56.245100342553194 0.0
2.111769430505462e-28 56.12719113084754 -22.40996986 -3.33943288 -0.41093464 -0.87707286 -0.76441783 -56.20942843609448 0.0
2.347624851336966e-28 55.99252836635027 -22.50666519 -3.72287624 -0.57333605 -4.63011064 -0.42225897 -56.12719113084754 0.0
2.522037866479693e-28 55.97146167115619 -22.35078846 -3.65324185 -0.02321382 -0.1841524 -1.11142785 -55.99252836635027 0.0
2.728925748377633e-28 55.831635663715105 -23.66874332 -3.02840177 -0.31963738 -4.17272081 -1.03131825 -55.97146167115619 0.0
2.9896489409465533e-28 55.77684822622451 -22.73419997 -3.67772552 -0.49714387 -1.73011867 -0.41767468 -55.831635663715105 0.0
3.082445761514956e-28 55.76182295667242 -22.34535595 -3.78787325 -0.96520196 -2.92322133 -0.02941361 -55.77684822622451 0.0
3.198491552588919e-28 55.69597949213296 -23.17594035 -3.43465964 -0.75570231 -0.65143009 -0.80643008 -55.76182295667242 0.0
3.7948204956029264e-28 55.42865263400503 -23.60375095 -3.1406118 -0.72320741 -1.96858756 -1.19370582 -55.69597949213296 0.0
4.417321153290267e-28 55.36732980101685 -22.6852095 -3.63919183 -0.30703486 -1.08366956 -1.97099178 -55.42865263400503 0.0
4.716131517657373e-28 55.29030075536791 -23.55577963 -3.14253535 -0.56311106 -3.22361979 -0.54083368 -55.36732980101685 0.0
5.124262670734056e-28 55.19417629437154 -23.01659466 -3.48042604 -0.8761805 -0.58235838 -1.18794182 -55.29030075536791 0.0
5.426148578002208e-28 55.16572409684343 -22.40163228 -3.31636418 -0.53153808 -2.89960885 -0.79912717 -55.19417629437154 0.0
5.882252130772904e-28 55.02922411140434 -22.45572542 -3.62282074 -0.37820643 -1.10064927 -1.28113086 -55.16572409684343 0.0
7.295435885488021e-28 54.742893778717814 -23.97858535 -2.99688523 -0.61878583 -2.2115395 -1.89918857 -55.02922411140434 0.0
8.370022478825477e-28 54.72606893051356 -22.95453903 -3.69322846 -0.08323321 -1.88482996 -1.07424918 -54.742893778717814 0.0
8.451297228013144e-28 54.71553992787142 -22.44141371 -3.56705166 -0.40845766 -4.94019884 -1.94936002 -54.72606893051356 0.0
8.46563221768804e-28 54.714667860885044 -23.81279339 -3.15508912 -0.41550549 -0.44872823 -0.18685219 -54.71553992787142 0.0
9.242034806412044e-28 54.539704259607475 -22.85919606 -3.22388655 -0.54906141 -3.4298746 -0.8116953 -54.714667860885044 0.0
1.0032719236194326e-27 54.5348671500672 -22.72059744 -3.70389121 -0.39873847 -0.15273324 -0.65720729 -54.539704259607475 0.0
1.0506841248543662e-27 54.441541178255264 -22.27846159 -3.46102514 -0.59654999 -2.595518 -1.28382552 -54.5348671500672 0.0
1.2260260732040103e-27 54.22746824864439 -22.53634708 -3.6239574 -0.65636938 -4.08989314 -0.80089887 -54.441541178255264 0.0
1.5076326146156603e-27 54.01940067929675 -22.26509709 -3.52454594 -0.10325581 -4.97652533 -1.20809333 -54.22746824864439 0.0
2.891225707999545e-27 53.10747486594084 -22.53601469 -3.42910516 -0.32674222 -4.30759659 -0.36512202 -54.01940067929675 0.0
4.2126259986836744e-27 53.05813966373446 -23.35199338 -3.11527313 -0.26083475 -2.87360437 -1.59185624 -53.10747486594084 0.0
4.4638441424934e-27 52.98439350214904 -22.88468759 -3.59139464 -0.47814794 -2.97495365 -0.62732419 -53.05813966373446 0.0
4.8269447506095834e-27 52.89441294660244 -22.35789795 -3.49772451 -0.55730528 -3.26239401 -1.48223325 -52.98439350214904 0.0
6.40555032409511e-27 52.456127698557815 -22.63469984 -3.17013673 -0.52334429 -4.11988588 -1.94337087 -52.89441294660244 0.0
8.376935538156571e-27 52.30765621486704 -22.43946521 -3.63167875 -0.45587372 -0.70221962 -0.91489833 -52.456127698557815 0.0
9.609768676961243e-27 52.17259846890045 -22.37408237 -3.73919665 -0.0560005 -2.82774164 -0.5929737 -52.30765621486704 0.0
1.1419064908094356e-26 51.96125314159306 -23.14837881 -3.100207 -0.67269774 -3.74393777 -0.82622749 -52.17259846890045 0.0
1.598077223178479e-26 51.52785916472612 -22.63602655 -3.23803437 -0.57643673 -1.86370387 -1.16749722 -51.96125314159306 0.0
2.0774728157118048e-26 51.386933410394086 -22.28680514 -3.45948079 -0.41821908 -1.85964303 -1.07563964 -51.52785916472612 0.0
2.5687779054790638e-26 51.10953421969664 -22.34267044 -3.60124925 -0.65263751 -4.69746024 -0.60442539 -51.386933410394086 0.0
2.997657052548646e-26 51.05180473705523 -23.48523745 -3.34889767 -0.44213406 -0.89977896 -0.41708269 -51.10953421969664 0.0
3.208745332576744e-26 50.966440341566205 -23.19359779 -3.5241508 -0.52466467 -3.46751798 -0.16484532 -51.05180473705523 0.0
4.1091037707142403e-26 50.58374268311668 -22.33049177 -3.6147867 -0.79233835 -4.21827882 -0.41511942 -50.966440341566205 0.0
5.13783730849811e-26 50.47800256476579 -2.26464110e+01 -3.76241205e+00 -1.42238313e-03 -1.20119227e+00 -1.85652428e+00 -50.58374268311668 0.0
5.419772950238873e-26 50.46615640206515 -22.53452857 -3.12663972 -0.79372241 -2.76423018 -1.76651478 -50.47800256476579 0.0
6.46970302969846e-26 50.1419879382712 -22.4158856 -3.68215155 -0.9214489 -4.29601661 -0.38660559 -50.46615640206515 0.0
7.762896392198871e-26 50.06889985561292 -22.87693963 -3.45010979 -0.99811965 -3.15090237 -0.98237781 -50.1419879382712 0.0
9.378714536743041e-26 49.77588273257164 -22.3040991 -3.35422637 -0.58125945 -1.01409079 -1.88112224 -50.06889985561292 0.0
1.1934310038846782e-25 49.5683283605121 -22.72292095 -3.549926 -0.4370365 -2.74840674 -1.64055822 -49.77588273257164 0.0
1.543940822358126e-25 49.26504441862665 -23.85556873 -3.09821361 -0.51642647 -4.95638852 -0.80451978 -49.5683283605121 0.0
1.9056353084703625e-25 49.12162019967245 -22.32059601 -3.47445356 -0.74783274 -4.56975783 -0.55306879 -49.26504441862665 0.0
2.1097917327432402e-25 49.04966855292614 -22.497662 -3.76527522 -0.05475829 -3.5607537 -0.44826014 -49.12162019967245 0.0
2.2159197639165403e-25 49.014494812701244 -22.38507761 -3.47304999 -0.46182629 -2.72618047 -1.83670828 -49.04966855292614 0.0
2.349218071788847e-25 48.926481246986306 -22.78243171 -3.68094293 -0.14285791 -4.44744023 -1.36773886 -49.014494812701244 0.0
2.449501886975154e-25 48.92097805909175 -22.38321909 -3.67053201 -0.5317523 -0.4563903 -0.31879665 -48.926481246986306 0.0
2.8456594530991266e-25 48.63854546174723 -22.35241104 -3.34103463 -0.4485376 -4.78950385 -1.3858863 -48.92097805909175 0.0
3.9271871689358955e-25 48.280703974882094 -22.8017243 -3.26893621 -0.80144448 -3.57131194 -0.70457988 -48.63854546174723 0.0
4.920400070602124e-25 48.1519282667984 -22.40921511 -3.55662427 -0.33424687 -2.42001007 -1.49340117 -48.280703974882094 0.0
5.462594726391872e-25 48.06155023244273 -22.53322324 -3.41916738 -0.67025074 -3.92997851 -0.4276371 -48.1519282667984 0.0
5.936936056351998e-25 47.97714484379963 -22.41308525 -3.69451081 -0.4828956 -1.27434777 -0.2996366 -48.06155023244273 0.0
6.25583878171803e-25 47.94736328238469 -22.54722486 -3.57331225 -0.94450442 -2.3214084 -0.83482927 -47.97714484379963 0.0
6.516938911973998e-25 47.88803968552828 -22.62464748 -3.44364685 -0.6814089 -2.75259101 -1.73891029 -47.94736328238469 0.0
7.046236684856145e-25 47.78497610342265 -23.04666283 -3.57334966 -0.22400612 -2.4193585 -1.2072333 -47.88803968552828 0.0
7.483403543232771e-25 47.75720600652387 -23.04615756 -3.09518876 -0.8418702 -2.22527452 -0.97379544 -47.78497610342265 0.0
8.056838487550889e-25 47.63298731622491 -22.34752631 -3.41099019 -0.40634614 -4.73260284 -1.73409733 -47.75720600652387 0.0
8.643555467154076e-25 47.604977446211414 -23.16255273 -3.59231502 -0.10479197 -3.26956064 -1.90153602 -47.63298731622491 0.0
9.598053019622392e-25 47.4235338109961 -23.69259968 -3.08880032 -0.50380124 -4.52630614 -0.64121852 -47.604977446211414 0.0
1.079205044212579e-24 47.355434330705386 -22.45216014 -3.22851646 -0.65125235 -3.50015388 -1.50782714 -47.4235338109961 0.0
1.1961221515528103e-24 47.213689163786064 -22.44120536 -3.29297752 -0.62326282 -4.35514762 -1.13945233 -47.355434330705386 0.0
1.2846731628418287e-24 47.19964178761702 -23.60215611 -3.37244803 -0.17917774 -3.72940809 -0.99599712 -47.213689163786064 0.0
1.333961001425771e-24 47.131518994448456 -23.38283791 -3.52495703 -0.08987968 -2.8243027 -0.28974784 -47.19964178761702 0.0
1.5576497410349325e-24 46.894463100004934 -22.53399434 -3.26403402 -0.50389664 -4.13060232 -1.37166445 -47.131518994448456 0.0
1.982987454735774e-24 46.64249606003302 -23.40590874 -3.06120511 -0.76128593 -3.02007245 -0.94855511 -46.894463100004934 0.0
2.371406143682718e-24 46.51683685252577 -22.57354377 -3.17229434 -0.6161221 -2.12296477 -1.8860724 -46.64249606003302 0.0
2.6153314536272272e-24 46.43636984781347 -22.3991327 -3.30746317 -0.53590591 -1.82946717 -1.37280429 -46.51683685252577 0.0
2.9978221053519225e-24 46.24352681107992 -22.61833358 -3.3467245 -0.5334711 -0.40186399 -1.00497328 -46.43636984781347 0.0
3.290399586143453e-24 46.23288547186273 -23.30784201 -3.21774925 -0.80654174 -0.07075488 -0.32267394 -46.24352681107992 0.0
3.4131522153068574e-24 46.163464523404556 -22.3736545 -3.59521614 -0.69022101 -0.47171056 -0.16939763 -46.23288547186273 0.0
3.661413025210938e-24 46.08481705629446 -2.35808998e+01 -3.20514648e+00 -2.03863920e-03 -4.61198234e+00 -7.69895363e-01 -46.163464523404556 0.0
3.9098164424821265e-24 46.02358903089064 -22.5073819 -3.39694681 -0.70029805 -2.20612366 -1.96014812 -46.08481705629446 0.0
4.178555547078956e-24 45.94450857153319 -23.47730887 -3.26326005 -0.5703495 -2.26985911 -0.70073385 -46.02358903089064 0.0
4.483758850448896e-24 45.87428244023412 -22.36558215 -3.65443124 -0.02309062 -1.27897698 -0.48133617 -45.94450857153319 0.0
5.548701968327628e-24 45.53733705091193 -23.39205875 -3.29520935 -0.08078365 -4.58275743 -0.0435348 -45.87428244023412 0.0
7.241679964615667e-24 45.31752527552673 -22.40877967 -3.49758321 -0.20937168 -0.78130813 -1.96634673 -45.53733705091193 0.0
8.101223182282869e-24 45.29312312371411 -22.71909808 -3.4318749 -0.69827004 -1.93810181 -1.58770421 -45.31752527552673 0.0
8.226678452047894e-24 45.27870974134609 -23.61391145 -3.25793219 -0.38434758 -1.58212029 -1.54051295 -45.29312312371411 0.0
8.7589661762742e-24 45.163039127606005 -22.9878776 -3.53142822 -0.33325317 -4.16732449 -1.28898879 -45.27870974134609 0.0
1.0008035483204693e-23 45.006854023299496 -22.37829212 -3.34288862 -0.66206385 -4.75713074 -1.62282336 -45.163039127606005 0.0
1.3423069883569907e-23 44.602408142912644 -2.26502325e+01 -3.53193948e+00 -9.43672792e-02 -4.65015536e+00 -2.60085582e-03 -45.006854023299496 0.0
1.677295032745271e-23 44.514593554800705 -22.83555243 -3.34258297 -0.32267936 -4.80552603 -0.44928288 -44.602408142912644 0.0
1.77978224197229e-23 44.47428577168108 -23.13830716 -3.47872433 -0.51027357 -0.37339534 -1.66330787 -44.514593554800705 0.0
1.870975942473259e-23 44.407383784274636 -2.31531744e+01 -3.29664793e+00 -5.86755579e-01 -9.08156192e-01 -2.15435673e-02 -44.47428577168108 0.0
2.3912893744452095e-23 44.01306123411422 -22.47219536 -3.40045694 -0.6824331 -1.94062937 -1.7807867 -44.407383784274636 0.0
2.849279966111144e-23 44.010311107614996 -22.92425066 -3.35489165 -0.03453171 -1.26404746 -1.68523459 -44.01306123411422 0.0
2.9983249453586385e-23 43.9058282999756 -23.27125166 -3.4878427 -0.43675934 -0.10679334 -0.83017948 -44.010311107614996 0.0
3.1720854055377896e-23 43.88701671482298 -22.42669861 -3.52185515 -0.34711274 -3.99922775 -1.42523298 -43.9058282999756 0.0
3.383175278866102e-23 43.772198824247816 -23.61068762 -3.16888008 -0.05758161 -3.38259341 -1.25386557 -43.88701671482298 0.0
3.576637515310818e-23 43.76453653690357 -22.82636017 -3.38868691 -0.02297306 -0.68520534 -1.1607263 -43.772198824247816 0.0
4.0792071752149625e-23 43.51657326602123 -23.32504022 -3.21916402 -0.93946931 -1.84462014 -0.90144324 -43.76453653690357 0.0
4.6538324680176776e-23 43.47801509396411 -22.49595736 -3.4975816 -0.10631584 -0.72357898 -0.5676272 -43.51657326602123 0.0
5.65902474189496e-23 43.14473747762881 -23.70009567 -3.22073476 -0.38705222 -1.03045026 -0.42493115 -43.47801509396411 0.0
6.597737068176718e-23 43.13546133881927 -23.33113605 -3.33262619 -0.65075576 -3.71131284 -0.52602233 -43.14473747762881 0.0
7.045125686320854e-23 43.00947868184873 -22.8051096 -3.61330978 -0.2896749 -3.93300857 -0.7702441 -43.13546133881927 0.0
8.265856096149898e-23 42.81350360024531 -22.59328314 -3.53198224 -0.71962469 -2.00292277 -0.94855767 -43.00947868184873 0.0
1.0143933738336296e-22 42.594400862374435 -23.30359692 -3.50768879 -0.13631422 -3.70931625 -1.26247801 -42.81350360024531 0.0
1.1568015647132172e-22 42.53178568483043 -22.90008662 -3.60340777 -0.19981035 -2.45289714 -1.74522816 -42.594400862374435 0.0
1.2531591795978802e-22 42.42810544674528 -22.45008937 -3.32743007 -0.94530692 -1.40914894 -1.09908932 -42.53178568483043 0.0
1.3149003196895027e-22 42.42493165818677 -23.2220507 -3.5900039 -0.03518192 -2.84472131 -1.39342185 -42.42810544674528 0.0
1.4363172241403874e-22 42.25102708921996 -22.57009227 -3.63239151 -0.16626352 -1.69034736 -1.74497996 -42.42493165818677 0.0
1.5847931224766672e-22 42.21301459513224 -23.25438982 -3.42209721 -0.97590544 -1.25834727 -0.10912224 -42.25102708921996 0.0
1.7534540833627197e-22 42.04727401433585 -22.46111272 -3.36265421 -0.46129591 -2.77156645 -1.15522728 -42.21301459513224 0.0
1.9397711530032937e-22 41.99684189742169 -22.42889703 -3.40549835 -0.35517699 -3.34859616 -1.75764912 -42.04727401433585 0.0
2.3369995007435764e-22 41.6895702083437 -23.21670922 -3.06063211 -0.71389174 -3.02581089 -1.00748685 -41.99684189742169 0.0
3.077350711661023e-22 41.431542333261 -22.45358388 -3.46004867 -0.76641112 -0.92586597 -1.19599169 -41.6895702083437 0.0
4.275161376069286e-22 41.044668725885984 -22.97562981 -3.50409996 -0.88730339 -3.36780745 -0.46059827 -41.431542333261 0.0
5.251552224680091e-22 40.976141613141124 -22.70488765 -3.4184683 -0.31361622 -3.64384353 -0.39501923 -41.044668725885984 0.0
5.490100870881724e-22 40.94687911909806 -23.90068142 -3.07092784 -0.08811566 -2.91907998 -0.99951167 -40.976141613141124 0.0
5.764550347969835e-22 40.87179165587446 -22.62557092 -3.43423871 -0.59577421 -2.36125613 -1.89126077 -40.94687911909806 0.0
6.113438409801589e-22 40.820616113780154 -23.02235713 -3.32973943 -0.03478771 -1.9347501 -1.6686807 -40.87179165587446 0.0
6.324587049952146e-22 40.795401139575034 -22.74461727 -3.49025877 -0.46414876 -3.833134 -1.96205019 -40.820616113780154 0.0
6.511382393807519e-22 40.75467370108588 -22.53261823 -3.49581565 -0.71953019 -0.72775396 -1.73771642 -40.795401139575034 0.0
7.215002275819034e-22 40.588662987255844 -23.46789613 -3.3887112 -0.22797696 -3.46954557 -1.78397733 -40.75467370108588 0.0
7.833299158937053e-22 40.57540905860339 -23.35230826 -3.2609526 -0.62197342 -4.73760344 -1.16281855 -40.588662987255844 0.0
1.128427715558378e-21 39.9475547351612 -22.4796301 -3.29492892 -0.8568204 -1.11890453 -1.37566708 -40.57540905860339 0.0
1.5557616457762583e-21 39.83153543648645 -23.51386962 -3.0262987 -0.75210866 -4.82837226 -1.15440811 -39.9475547351612 0.0
1.6624588991626323e-21 39.803735578930564 -22.94256209 -3.66057233 -0.10055345 -0.80021861 -0.45909563 -39.83153543648645 0.0
1.8406914962199988e-21 39.62743181651214 -22.48919212 -3.57035464 -0.80234786 -4.45270083 -0.16306588 -39.803735578930564 0.0
2.169821044950356e-21 39.465529968610824 -22.50912276 -3.47452417 -0.69352773 -3.15191423 -1.11701837 -39.62743181651214 0.0
2.3359983834618152e-21 39.465312525169665 -22.58464883 -3.39245777 -0.98261499 -1.24856812 -1.57731506 -39.465529968610824 0.0
2.8541677550266886e-21 39.09158144973032 -22.48764013 -3.65201009 -0.56794264 -4.45844308 -0.21698079 -39.465312525169665 0.0
3.726184342447322e-21 38.898689630437076 -23.03762516 -3.47827541 -0.3550119 -4.6819604 -1.91141986 -39.09158144973032 0.0
4.169851193640406e-21 38.849913488478805 -22.50789628 -3.33160636 -0.75886929 -0.80367067 -1.33474605 -38.898689630437076 0.0
4.434158986378168e-21 38.768838475307746 -22.50638652 -3.35027723 -0.74604098 -1.85017248 -1.78526224 -38.849913488478805 0.0
4.7356947428605354e-21 38.70958332300079 -22.87645847 -3.3700853 -0.68405069 -1.78958997 -1.80415194 -38.768838475307746 0.0
4.970965859330164e-21 38.66353538765159 -22.50732984 -3.45188301 -0.89190173 -2.54409953 -0.62317808 -38.70958332300079 0.0
5.215816107782737e-21 38.6057413274184 -23.92801523 -2.83173614 -0.89820869 -4.24214858 -1.61059475 -38.66353538765159 0.0
5.950757739553762e-21 38.401482745078326 -22.46259568 -3.34991928 -0.60798218 -1.87316347 -1.63638387 -38.6057413274184 0.0
6.5670699556198706e-21 38.39027796703485 -22.49298834 -3.30222644 -0.74342454 -1.95883975 -1.35484323 -38.401482745078326 0.0
6.887124795832894e-21 38.30031796049977 -22.55338198 -3.45829299 -0.71160636 -1.15246961 -0.48967052 -38.39027796703485 0.0
7.349399385252123e-21 38.25095082881515 -22.95178523 -3.3272542 -0.0910347 -2.92640651 -1.66585598 -38.30031796049977 0.0
7.612169976945458e-21 38.221679524622616 -23.27231786 -3.49613332 -0.17864061 -2.38045718 -0.6127496 -38.25095082881515 0.0
7.774697922269454e-21 38.20061091007731 -22.78970358 -3.64641635 -0.11168551 -2.59452654 -1.82460611 -38.221679524622616 0.0
8.686217498528822e-21 38.00173065924259 -23.26023234 -3.27907957 -0.85386553 -2.49367442 -0.76219197 -38.20061091007731 0.0
1.0257267366780923e-20 37.855591423717314 -22.81944481 -3.46995857 -0.76476826 -4.03963626 -0.8885937 -38.00173065924259 0.0
1.176988843132999e-20 37.71802373071776 -23.72621762 -3.15778418 -0.527454 -0.25780565 -1.93826477 -37.855591423717314 0.0
1.2815484257990547e-20 37.673163545903066 -22.61587658 -3.50885108 -0.40469399 -3.7567292 -1.68206355 -37.71802373071776 0.0
1.3409595580194442e-20 37.619620468427335 -2.27636463e+01 -3.72573849e+00 -1.67179279e-01 -2.48210238e+00 -1.54006821e-02 -37.673163545903066 0.0
1.390648809271892e-20 37.59188525456952 -23.04159078 -3.44634366 -0.98548811 -2.35259209 -0.50786496 -37.619620468427335 0.0
1.4484406042484638e-20 37.53093835909607 -23.05555583 -3.22142421 -0.4923656 -2.65586703 -0.54171406 -37.59188525456952 0.0
1.514536392169861e-20 37.4940688496766 -22.80908604 -3.28748598 -0.66311122 -2.80146437 -0.69967897 -37.53093835909607 0.0
1.6191593372650967e-20 37.39164081239094 -22.86892146 -3.03921186 -0.92154337 -2.32641532 -1.63621265 -37.4940688496766 0.0
1.7234995520202144e-20 37.35883263898364 -22.47793256 -3.29438595 -0.68130124 -1.22883435 -1.87995517 -37.39164081239094 0.0
1.897659610124599e-20 37.19736923644637 -23.52997152 -3.11968542 -0.36566529 -0.37298198 -1.32098461 -37.35883263898364 0.0
2.0978323705295305e-20 37.14447100195372 -23.13736897 -3.25036833 -0.97489686 -0.37160673 -0.29514517 -37.19736923644637 0.0
2.197866140279451e-20 37.096105768991606 -22.49953801 -3.47641682 -0.71322596 -3.43601878 -0.70615089 -37.14447100195372 0.0
2.2602126122000517e-20 37.08002301725536 -22.85747703 -3.05806774 -0.70065433 -3.15084349 -1.98614598 -37.096105768991606 0.0
2.3869782846025075e-20 36.981351370325946 -22.5300419 -3.51225628 -0.53975859 -1.99890359 -0.95508237 -37.08002301725536 0.0
2.5419544435334825e-20 36.94414204914865 -22.62324097 -3.28208434 -0.84788827 -1.55078485 -1.09497149 -36.981351370325946 0.0
2.6100606992218384e-20 36.92028307095292 -23.83100768 -2.84388035 -0.67154482 -3.15431132 -1.48790239 -36.94414204914865 0.0
3.0805291384860896e-20 36.6261159153027 -22.51184297 -3.63124073 -0.87402002 -1.50632097 -0.15648411 -36.92028307095292 0.0
4.05965815626201e-20 36.35682332831645 -23.2684317 -3.14950099 -0.89630297 -0.28438089 -1.00690529 -36.6261159153027 0.0
4.6467940997828635e-20 36.330078050085085 -23.35014897 -3.39914013 -0.8164403 -0.09254576 -0.69372721 -36.35682332831645 0.0
4.7834139953217155e-20 36.29108657217244 -22.69087932 -3.45399111 -0.52208613 -3.3400467 -1.70952536 -36.330078050085085 0.0
5.062062219075471e-20 36.2101137748151 -22.76283162 -3.70804995 -0.07877849 -4.65069779 -0.26036396 -36.29108657217244 0.0
5.4024474196545995e-20 36.15214748719172 -23.28340566 -3.07536595 -0.73393224 -3.52183443 -0.96963444 -36.2101137748151 0.0
5.65819639774011e-20 36.109243760318435 -22.59407853 -3.52946701 -0.98132676 -0.28229525 -1.08160863 -36.15214748719172 0.0
5.806171301024723e-20 36.09214402580706 -23.59567522 -3.10046526 -0.52103605 -0.3856473 -1.64264253 -36.109243760318435 0.0
5.847865467778241e-20 36.086882842341 -22.64914743 -3.4344695 -0.44366449 -2.49671076 -0.46184653 -36.09214402580706 0.0
5.962032757457329e-20 36.0459033196938 -22.93140743 -3.44689704 -0.4575179 -3.15025563 -1.8503409 -36.086882842341 0.0
6.080798737020302e-20 36.03904163161278 -23.62572945 -3.1016267 -0.20804212 -2.23933959 -1.95007388 -36.0459033196938 0.0
6.535857516851991e-20 35.89850601542034 -23.17695754 -3.25974004 -0.35282986 -2.07129931 -0.27221631 -36.03904163161278 0.0
7.410852942069924e-20 35.77844180899649 -22.89326056 -3.3584218 -0.07872931 -4.20492834 -1.84008418 -35.89850601542034 0.0
8.068594539897194e-20 35.7177727856951 -23.61243885 -3.23033495 -0.38345355 -0.27730058 -0.42620898 -35.77844180899649 0.0
8.295067180242711e-20 35.71417752840738 -22.9115201 -3.52292094 -0.6291219 -1.3661791 -0.50340123 -35.7177727856951 0.0
8.76308426943178e-20 35.603094949703674 -23.33343374 -3.2501264 -0.05305589 -0.47221193 -0.93636205 -35.71417752840738 0.0
9.782679850326943e-20 35.4863826805276 -23.44124882 -3.09834847 -0.40224193 -0.59938385 -1.45807186 -35.603094949703674 0.0
1.100993058268289e-19 35.35936941242339 -23.38164083 -3.14953241 -0.79650404 -2.99877883 -1.34452561 -35.4863826805276 0.0
1.219442976207487e-19 35.27191640211684 -22.9519743 -3.52097164 -0.29522241 -3.45960351 -1.54384061 -35.35936941242339 0.0
1.2941866582287355e-19 35.23091765237753 -22.60717205 -3.35851199 -0.60953039 -1.11454498 -0.89217065 -35.27191640211684 0.0
1.3366090807439947e-19 35.199255900223235 -22.61143815 -3.48314195 -0.33799528 -0.90487516 -0.38417324 -35.23091765237753 0.0
1.5107811229921217e-19 34.98875805427088 -23.22796343 -3.15988693 -0.27255241 -3.57599542 -1.96831206 -35.199255900223235 0.0
1.8622211251277108e-19 34.773491330822466 -23.46965433 -3.05149529 -0.86995063 -4.63184092 -1.37090062 -34.98875805427088 0.0
2.4995473547433973e-19 34.41286931323212 -2.25211782e+01 -3.64672617e+00 -1.44404876e-02 -1.42343671e+00 -1.61122417e-01 -34.773491330822466 0.0
3.2689581983626134e-19 34.20702123005786 -22.81338647 -3.62230636 -0.21911906 -4.26310634 -0.52976592 -34.41286931323212 0.0
3.6179555071058723e-19 34.191495327953724 -22.83428024 -3.58529622 -0.37242796 -0.17068801 -1.33093705 -34.20702123005786 0.0
3.9951919325567693e-19 34.00893260236785 -22.69669828 -3.46186256 -0.82156779 -4.12268676 -0.23966382 -34.191495327953724 0.0
4.536387973810107e-19 33.92295889710869 -22.554515 -3.64777941 -0.45256458 -3.81659274 -0.20874685 -34.00893260236785 0.0
4.8944875294263535e-19 33.848528928777476 -22.52614827 -3.32671583 -0.70657588 -2.67128794 -1.65524854 -33.92295889710869 0.0
5.604176933933539e-19 33.65238746397896 -22.67057211 -3.42129055 -0.45192598 -0.26739967 -0.83890833 -33.848528928777476 0.0
6.463138621161095e-19 33.548436902479274 -23.97191953 -2.87670755 -0.7337274 -1.47416183 -1.43569583 -33.65238746397896 0.0
7.199610507832276e-19 33.42941870384264 -2.26383032e+01 -3.45030279e+00 -1.94623073e-02 -3.86870246e+00 -1.20101313e-01 -33.548436902479274 0.0
8.024742030422047e-19 33.322751549544876 -22.74116826 -3.39792369 -0.57035666 -4.7797531 -0.42488648 -33.42941870384264 0.0
8.94125211876663e-19 33.20572137242658 -23.48706599 -3.29883243 -0.0374035 -2.32027421 -0.12495391 -33.322751549544876 0.0
9.583780257426493e-19 33.17282305495789 -22.53244609 -3.32902216 -0.56961051 -4.06220894 -1.81986983 -33.20572137242658 0.0
1.164240655882097e-18 32.83645600238989 -23.08334256 -3.53237798 -0.69253055 -0.76271155 -0.0365235 -33.17282305495789 0.0
1.422870784548683e-18 32.73789822403118 -23.06401559 -3.3499733 -0.78786721 -4.19087876 -0.93724552 -32.83645600238989 0.0
1.496019528115179e-18 32.72581816888781 -22.61236577 -3.56776304 -0.22501257 -2.47535852 -1.28661948 -32.73789822403118 0.0
1.5676678300059648e-18 32.63823264632265 -23.16437589 -3.49841838 -0.19712369 -1.09724528 -1.57468538 -32.72581816888781 0.0
1.6471921485535547e-18 32.6170628633249 -23.11870322 -3.2869281 -0.10106696 -1.4905912 -0.77068025 -32.63823264632265 0.0
1.6823263788977332e-18 32.58813481721856 -22.67799039 -3.54296024 -0.95614285 -3.65728892 -0.60486696 -32.6170628633249 0.0
1.8716475810068884e-18 32.40404675324993 -22.80239345 -3.49737626 -0.99874767 -2.55538988 -0.6516432 -32.58813481721856 0.0
2.233198065764968e-18 32.2263437025843 -22.81956022 -3.56520681 -0.97017582 -2.31172054 -0.34675283 -32.40404675324993 0.0
2.522628406619536e-18 32.14605615638492 -23.21120765 -3.43546777 -0.28500742 -3.1580933 -1.51720463 -32.2263437025843 0.0
2.7037443722186542e-18 32.07919353391032 -23.61236501 -3.00645611 -0.71282123 -0.83411875 -1.83546185 -32.14605615638492 0.0
3.0564872927763072e-18 31.89973760436536 -23.320978 -3.38968059 -0.41011781 -3.02103715 -0.02583542 -32.07919353391032 0.0
3.4329822131321722e-18 31.83199032741534 -23.38815349 -3.47111833 -0.09308476 -0.32050573 -1.0023453 -31.89973760436536 0.0
4.069214937844546e-18 31.567944493006987 -23.53119436 -3.26603995 -0.5632121 -0.10168836 -0.56442093 -31.83199032741534 0.0
4.669506681074511e-18 31.531747493411856 -23.08873135 -3.47272055 -0.84621329 -0.7194825 -0.25017353 -31.567944493006987 0.0
4.828095294705073e-18 31.49320701065723 -22.73447074 -3.36326742 -0.20615889 -2.01504895 -1.85805796 -31.531747493411856 0.0
5.0280871374238426e-18 31.442850840557217 -22.94822603 -3.6258702 -0.13375588 -2.12347237 -0.34444247 -31.49320701065723 0.0
5.173252179795948e-18 31.42772247928894 -22.99491224 -3.43750316 -0.41408459 -1.79935131 -1.73975888 -31.442850840557217 0.0
5.660485638972797e-18 31.26167806235953 -2.35922179e+01 -3.40763249e+00 -2.90081334e-02 -2.98390571e+00 -1.61707660e-02 -31.42772247928894 0.0
6.344101814125493e-18 31.18624419790746 -22.834272 -3.55404562 -0.24749382 -1.66310526 -1.35739887 -31.26167806235953 0.0
7.049418813103964e-18 31.046323002789315 -23.19990071 -3.26060997 -0.94563603 -0.64680429 -0.25135252 -31.18624419790746 0.0
7.97679834959274e-18 30.929590454997054 -23.5869646 -3.22969583 -0.37932115 -1.33377656 -1.62501495 -31.046323002789315 0.0
8.764419899594119e-18 30.84826101309326 -22.59504114 -3.58578643 -0.47682276 -2.62744561 -0.10521853 -30.929590454997054 0.0
9.246596365457968e-18 30.81315102865869 -23.74424658 -3.0837935 -0.29984156 -0.92923489 -0.74562309 -30.84826101309326 0.0
9.789225504105951e-18 30.727738443580773 -23.08391904 -3.44066311 -0.40171783 -1.82123081 -0.94949089 -30.81315102865869 0.0
1.0288710160780924e-17 30.7039554162073 -23.6929652 -2.90441162 -0.59438017 -1.64198479 -1.9465115 -30.727738443580773 0.0
1.1320483615788075e-17 30.53556063471306 -22.60113261 -3.54276451 -0.21944509 -3.59582608 -1.36749561 -30.7039554162073 0.0
1.2253366654531933e-17 30.530523009659635 -22.58317865 -3.29905474 -0.64679279 -4.25469883 -1.40676328 -30.53556063471306 0.0
1.2289477191496559e-17 30.521704379444177 -22.61062269 -3.23987731 -0.73086826 -4.82646593 -1.5331357 -30.530523009659635 0.0
1.2847116067507914e-17 30.43561965380088 -23.43307097 -3.29698189 -0.37475192 -2.8248115 -1.58537026 -30.521704379444177 0.0
1.4190536308609707e-17 30.316501587532528 -23.08568157 -3.48122417 -0.40408176 -4.39011392 -0.48340528 -30.43561965380088 0.0
1.6093068256071494e-17 30.177303824861024 -23.74391914 -2.89341644 -0.89547072 -1.41563864 -1.90780267 -30.316501587532528 0.0
1.7582631209186963e-17 30.127257703662103 -23.15433524 -3.2040594 -0.46460132 -0.28622345 -1.92012875 -30.177303824861024 0.0
1.894984893739646e-17 30.021708732168022 -23.52084787 -3.29518818 -0.30088489 -4.08268033 -1.07495627 -30.127257703662103 0.0
2.0339239719608697e-17 29.975511209038242 -23.08878157 -3.25978228 -0.42002004 -4.2614804 -0.38731573 -30.021708732168022 0.0
2.147763295940493e-17 29.905496344734416 -22.89992776 -3.50543833 -0.32487441 -2.40380643 -1.25994309 -29.975511209038242 0.0
2.824394678600596e-17 29.466389130763314 -23.45316913 -2.89709745 -0.96014475 -3.09378587 -1.76791535 -29.905496344734416 0.0
3.523154004022836e-17 29.4084061775866 -22.61892342 -3.60460478 -0.9960427 -2.32569618 -0.26403546 -29.466389130763314 0.0
3.690020465537273e-17 29.365474659723894 -23.28123972 -3.18696546 -0.7544769 -2.61615686 -0.6816158 -29.4084061775866 0.0
4.0706009561709384e-17 29.20970410614427 -22.58055151 -3.36600399 -0.63323788 -2.52090126 -1.42130164 -29.365474659723894 0.0
4.5422320457425916e-17 29.133621635323657 -22.71366745 -3.4144595 -0.51274875 -4.28694669 -1.85474771 -29.20970410614427 0.0
4.876656949464026e-17 29.059561388678713 -23.40395796 -3.24122881 -0.51917409 -1.06841132 -1.51883221 -29.133621635323657 0.0
5.045830438263344e-17 29.056065106639817 -23.46275954 -3.11256857 -0.6745631 -3.08224362 -1.08930011 -29.059561388678713 0.0
5.1841913186843425e-17 28.99830499675536 -23.12088054 -3.33713481 -0.91263759 -3.07922569 -0.6834285 -29.056065106639817 0.0
5.581501441457211e-17 28.90188263696043 -23.64876045 -2.93449279 -0.67376897 -2.66921309 -1.48819322 -28.99830499675536 0.0
6.069989872893888e-17 28.82180208960282 -22.8520356 -3.42814355 -0.55099821 -2.10215474 -1.18272484 -28.90188263696043 0.0
6.944602262144217e-17 28.632066677043447 -23.52335636 -3.10615574 -0.62832887 -3.95721642 -1.0987342 -28.82180208960282 0.0
7.634777417820172e-17 28.61540289138515 -23.96774308 -2.85991139 -0.51123746 -1.82878087 -1.92029638 -28.632066677043447 0.0
7.695976646777516e-17 28.608058911303885 -2.31137536e+01 -3.59319904e+00 -1.36753044e-02 -2.81476420e+00 -1.73343507e+00 -28.61540289138515 0.0
7.699655644075941e-17 28.606450157558392 -22.65792101 -3.54822285 -0.64446214 -0.2019716 -0.59650638 -28.608058911303885 0.0
8.612675659522688e-17 28.3878754013519 -22.96827122 -3.45056996 -0.44021447 -3.08955054 -1.01271047 -28.606450157558392 0.0
9.604582894839762e-17 28.368628023112848 -23.47362109 -3.14327217 -0.65710732 -0.30987865 -1.52346193 -28.3878754013519 0.0
1.1500794996368964e-16 28.045445966533453 -22.6537083 -3.39811301 -0.75960481 -1.19938835 -1.27494055 -28.368628023112848 0.0
1.550215066712473e-16 27.758092354451474 -2.30605015e+01 -3.61038708e+00 -9.38588078e-03 -4.27728236e+00 -9.07052374e-01 -28.045445966533453 0.0
1.8581530951641294e-16 27.65706153380901 -22.81011481 -3.47876852 -0.40385613 -0.92833108 -1.60555765 -27.758092354451474 0.0
2.08931400708217e-16 27.517890340352146 -23.38569656 -2.88629746 -0.98717292 -4.96597404 -1.82000809 -27.65706153380901 0.0
2.2696208454364975e-16 27.47906211622071 -22.82845935 -3.59153515 -0.81672471 -3.98484775 -0.16991627 -27.517890340352146 0.0
2.3570322427610216e-16 27.434445993401134 -22.63698356 -3.31491532 -0.55818723 -1.03458319 -1.35677109 -27.47906211622071 0.0
2.473997597206274e-16 27.37461137851679 -23.71902932 -2.94916037 -0.67315071 -4.31562944 -1.35295146 -27.434445993401134 0.0
2.696224741736861e-16 27.256989290009233 -22.73709466 -3.57992528 -0.17328072 -0.36534702 -1.12241099 -27.37461137851679 0.0
